00
00
00
00
00
00
00
00
00
00
00
00
00
00
00
00
00
00
00
00
00
00
00
00
00
00
00
00
00
00
00
00
00
00
00
00
00
00
00
00
00
00
00
00
00
00
00
00
00
00
00
00
00
00
00
00
00
00
00
00
00
00
00
00
00
00
00
00
00
00
00
00
00
00
00
00
00
00
00
00
00
00
00
00
00
00
00
00
00
00
00
00
00
01
0c
0d
00
00
00
00
00
00
00
00
00
00
00
00
00
00
00
00
00
00
00
00
00
00
00
00
01
0c
0f
0d
00
00
00
00
00
00
00
00
00
00
00
00
00
00
00
00
00
00
00
00
00
00
00
01
0c
0f
0f
08
00
00
00
00
00
00
00
00
00
00
00
00
00
00
00
00
00
00
00
00
00
00
00
08
0f
0f
09
00
00
00
00
00
00
00
00
00
00
00
00
00
00
00
00
00
00
00
00
00
00
00
01
0d
0f
0e
02
00
00
00
00
00
00
00
00
00
00
00
00
00
00
00
00
00
00
00
00
00
00
00
0d
0f
0f
09
00
00
00
00
00
00
00
00
00
00
00
00
00
00
00
00
00
00
00
00
00
00
00
00
0f
0f
0f
02
00
00
00
00
00
00
00
00
00
00
00
00
00
00
00
00
00
00
00
00
00
00
00
00
10
0f
0e
00
00
00
00
00
00
00
02
03
03
03
03
03
00
00
00
00
00
00
00
00
00
00
00
00
0f
0f
0e
00
00
00
00
00
04
0b
0e
0f
0f
0f
0f
0f
0b
07
01
00
00
00
00
00
00
00
00
00
0f
0f
0e
00
00
00
00
00
0c
0f
0f
0c
0b
09
08
0b
0f
0f
0d
07
00
00
00
00
00
00
00
00
0f
0f
08
00
00
00
00
09
0f
0f
0a
00
00
00
00
00
06
0d
0f
0f
00
00
00
00
00
00
00
00
0f
0f
0d
00
00
00
00
0a
0f
0f
03
00
00
00
00
00
00
07
0f
0f
00
00
00
00
00
00
00
00
0f
0f
0e
00
00
00
00
0a
0f
0f
03
00
00
00
00
00
00
07
0f
0d
00
00
00
00
00
00
00
00
0f
0f
0f
02
00
00
00
0a
0f
0f
0a
00
00
00
00
00
00
07
0f
05
00
00
00
00
00
00
00
00
06
0f
0f
0e
05
00
00
01
07
0e
0f
0b
04
00
00
00
00
09
0f
07
00
00
00
00
00
00
00
00
00
0c
0f
0f
0d
00
00
00
00
07
0e
0f
0f
05
00
00
02
0f
0f
05
00
00
00
00
00
00
00
00
00
01
0f
0f
0f
09
02
00
00
00
03
09
0b
0f
0b
06
0e
0f
05
00
00
00
00
00
00
00
00
00
00
00
05
0c
0f
0f
0f
0d
07
07
07
07
07
0a
0f
0f
0c
01
00
00
00
00
00
00
00
00
00
00
00
00
00
05
08
0d
0f
0f
0f
0f
0f
0f
0f
0d
08
05
00
00
00
00
00
00
00
00
00
00
00
00
00
00
00
00
00
00
01
08
08
08
08
08
08
01
00
00
00
00
00
00
00
00
00
00
00
00
00
00
00
00
00
00
00
00
00
00
00
00
00
00
00
00
00
00
00
00
00
00
00
00
00
00
00
00
00
00
00
00
00
00
00
00
00
00
00
00
00
00
00
00
00
00
00
00
00
00
00
00
00
00
00
00
00
00
00
00
00
00
00
00
00
00
00
00
00
00
00
00
00
00
00
00
00
00
00
00
00
00
00
00
00
00
00
00
00
00
00
00
00
00
00
00
00
00
00
00
00
00
00
00
00
00
00
00
00
00
00
00
00
00
00
00
00
00
00
00
00
00
00
00
00
00
00
00
00
00
00
00
00
00
00
00
