00
00
00
00
00
00
00
00
00
00
00
00
00
00
00
00
00
00
00
00
00
00
00
00
00
00
00
00
00
00
00
00
00
00
00
00
00
00
00
00
00
00
00
00
00
00
00
00
00
00
00
00
00
00
00
00
00
00
00
00
00
00
00
00
00
00
00
00
00
00
00
00
00
00
00
00
00
00
00
00
00
00
00
00
00
00
00
00
00
00
00
00
00
00
07
07
0a
10
10
09
05
00
00
00
00
00
00
00
00
00
00
00
00
00
00
00
00
00
00
00
00
0a
0f
0f
0f
0f
0f
0f
0d
01
00
00
00
00
00
00
00
00
00
00
00
00
00
00
00
00
00
00
0a
0f
0f
0f
0d
08
0b
0f
0f
07
00
00
00
00
00
00
00
00
00
00
00
00
00
00
00
00
00
03
0f
0f
0d
02
00
00
00
0c
0f
08
00
00
00
00
00
00
00
00
00
00
00
00
00
00
00
00
00
04
0f
0d
01
00
00
00
07
0f
0f
04
00
00
00
00
00
00
00
00
00
00
00
00
00
00
00
00
00
00
01
01
00
00
00
00
0d
0f
0f
04
00
00
00
00
00
00
00
00
00
00
00
00
00
00
00
00
00
00
00
00
00
00
00
07
0f
0f
0c
00
00
00
00
00
00
00
00
00
00
00
00
00
00
00
00
00
00
00
00
00
00
00
04
0f
0f
0e
03
00
00
00
00
00
00
00
00
00
00
00
00
00
00
00
00
00
00
00
00
00
00
00
08
0f
0f
09
00
00
00
00
00
00
00
00
00
00
00
00
00
00
00
00
00
00
00
00
00
00
00
0b
0f
0f
09
00
00
00
00
00
00
00
00
00
00
00
00
00
00
00
00
00
00
00
00
00
00
00
01
0e
0f
0e
02
00
00
00
00
00
00
00
00
00
00
00
00
00
00
00
00
00
00
00
00
00
00
00
0c
0f
0f
08
00
00
00
00
00
00
00
00
00
00
00
00
00
00
00
00
00
00
00
00
00
00
00
04
0f
0f
0b
00
00
00
00
00
00
00
00
00
00
00
00
00
00
00
00
00
00
00
00
00
00
00
01
0c
0f
0f
08
00
00
00
00
00
00
00
00
00
00
00
00
00
00
00
00
00
00
00
00
00
00
00
08
0f
0f
0a
00
00
00
00
00
00
00
00
00
00
00
00
00
00
00
00
00
00
00
00
00
00
00
00
0f
0f
0f
01
00
00
00
00
00
00
00
00
00
00
00
00
00
00
00
00
00
00
00
00
00
00
00
00
0f
0f
0f
02
01
01
01
01
00
00
00
01
01
02
09
09
09
09
00
00
00
00
00
00
00
00
00
00
0f
0f
0f
0f
0f
0f
0f
0f
0a
08
0a
0f
0f
0f
0f
0f
0f
0f
07
00
00
00
00
00
00
00
00
00
0a
0f
0f
0f
0f
0f
0f
0f
0f
0f
0f
0f
0f
0f
0f
0a
07
07
03
00
00
00
00
00
00
00
00
00
00
07
07
07
07
0a
0f
0f
0f
09
07
07
02
00
00
00
00
00
00
00
00
00
00
00
00
00
00
00
00
00
00
00
00
00
00
00
00
00
00
00
00
00
00
00
00
00
00
00
00
00
00
00
00
00
00
00
00
00
00
00
00
00
00
00
00
00
00
00
00
00
00
00
00
00
00
00
00
00
00
00
00
00
00
00
00
00
00
00
00
00
00
00
00
00
00
00
00
00
00
00
00
00
00
00
00
00
00
00
00
00
00
00
00
00
00
00
00
00
00
00
00
00
00
00
00
00
00
00
00
00
00
00
00
00
00
00
00
00
00
00
00
00
00
00
00
00
00
00
00
00
00
00
00
00
00
00
00
00
00
00
