00
00
00
00
00
00
00
00
00
00
00
00
00
00
00
00
00
00
00
00
00
00
00
00
00
00
00
00
00
00
00
00
00
00
00
00
00
00
00
00
00
00
00
00
00
00
00
00
00
00
00
00
00
00
00
00
00
00
00
00
00
00
00
00
00
00
00
00
06
09
00
00
00
00
00
00
00
00
00
00
00
00
00
00
00
00
00
00
00
00
00
00
00
00
00
02
0f
0a
00
00
00
00
00
00
00
00
00
00
00
00
00
00
00
00
00
00
00
00
00
00
00
00
00
0d
0f
08
00
00
00
00
00
00
00
00
00
00
00
00
00
00
00
00
00
00
00
00
00
00
00
00
09
0f
08
00
00
00
00
00
00
00
00
00
00
00
00
00
00
00
00
00
00
00
00
00
00
00
00
05
0f
06
00
00
00
00
00
00
00
00
00
00
00
00
00
00
00
00
00
00
00
00
00
00
00
00
00
0a
0d
00
00
00
00
00
00
00
00
01
01
00
00
00
00
00
00
00
00
00
00
00
00
00
00
00
04
0f
06
00
00
00
00
00
00
00
07
0e
0e
0a
00
00
00
00
00
00
00
00
00
00
00
00
00
00
09
0c
00
00
00
00
00
00
03
0e
0f
0f
0f
0f
03
00
00
00
00
00
00
00
00
00
00
00
00
00
0f
0a
00
00
00
00
00
00
0c
0f
0a
04
0d
0f
04
00
00
00
00
00
00
00
00
00
00
00
00
02
0e
00
00
00
00
00
00
0b
0f
0a
00
00
0c
0f
00
00
00
00
00
00
00
00
00
00
00
00
00
0a
0d
00
00
00
00
00
03
10
0c
01
00
00
09
0f
00
00
00
00
00
00
00
00
00
00
00
00
00
0d
09
00
00
00
00
00
0b
0f
04
00
00
00
0c
0a
00
00
00
00
00
00
00
00
00
00
00
00
00
0d
0b
00
00
00
00
00
0d
0e
00
00
00
02
0f
08
00
00
00
00
00
00
00
00
00
00
00
00
00
0d
07
00
00
00
00
02
0e
0d
00
00
00
0c
0f
01
00
00
00
00
00
00
00
00
00
00
00
00
00
0d
0c
00
00
00
00
04
0f
06
00
00
07
0f
0a
00
00
00
00
00
00
00
00
00
00
00
00
00
00
0d
0e
00
00
00
00
04
0f
06
00
04
0f
0f
03
00
00
00
00
00
00
00
00
00
00
00
00
00
00
06
0f
08
00
00
00
04
0f
0a
02
0d
0e
03
00
00
00
00
00
00
00
00
00
00
00
00
00
00
00
00
0a
0e
09
00
00
06
0f
0f
0f
0f
07
00
00
00
00
00
00
00
00
00
00
00
00
00
00
00
00
00
05
0e
0f
0c
0b
0e
0f
0f
0f
0f
05
00
00
00
00
00
00
00
00
00
00
00
00
00
00
00
00
00
00
02
08
0f
0f
0d
08
09
0d
06
00
00
00
00
00
00
00
00
00
00
00
00
00
00
00
00
00
00
00
00
00
00
00
00
00
00
00
00
00
00
00
00
00
00
00
00
00
00
00
00
00
00
00
00
00
00
00
00
00
00
00
00
00
00
00
00
00
00
00
00
00
00
00
00
00
00
00
00
00
00
00
00
00
00
00
00
00
00
00
00
00
00
00
00
00
00
00
00
00
00
00
00
00
00
00
00
00
00
00
00
00
00
00
00
00
00
00
00
00
00
00
00
00
00
00
00
00
00
00
00
00
00
00
00
00
00
00
00
00
00
00
00
00
00
00
00
00
00
00
00
00
00
00
00
00
00
00
00
00
00
00
00
00
00
00
00
00
00
00
00
00
00
00
00
00
00
00
00
00
00
00
00
00
00
00
00
00
00
