00
00
00
00
00
00
00
00
00
00
00
00
00
00
00
00
00
00
00
00
00
00
00
00
00
00
00
00
00
00
00
00
00
00
00
00
00
00
00
00
00
00
00
00
00
00
00
00
00
00
00
00
00
00
00
00
00
00
00
00
00
00
00
00
00
00
00
00
00
00
00
00
00
00
00
00
00
00
00
00
00
00
00
00
00
00
00
00
00
00
00
00
00
00
00
00
00
00
00
00
00
00
00
00
00
00
00
00
00
00
00
00
00
00
00
00
00
00
00
00
00
00
00
00
00
00
00
00
00
00
00
00
00
00
00
00
00
00
00
00
00
00
00
00
00
00
00
00
00
00
00
00
00
00
00
00
00
00
0a
05
00
00
00
00
00
00
00
00
00
00
00
00
00
00
00
00
00
00
00
00
00
00
00
00
00
00
0e
07
00
00
00
00
00
00
00
00
00
00
00
00
00
00
00
00
00
00
00
00
00
00
00
00
00
03
0f
07
00
00
00
00
00
00
00
00
00
00
00
00
00
00
00
00
00
02
0b
01
00
00
00
00
00
03
0f
05
00
00
00
00
00
00
00
00
00
00
00
00
00
00
00
00
00
05
0f
05
00
00
00
00
00
05
0f
03
00
00
00
00
00
00
00
00
00
00
00
00
00
00
00
00
00
0a
0f
03
00
00
00
00
00
0b
0e
00
00
00
00
00
00
00
00
00
00
00
00
00
00
00
00
00
00
0e
0a
00
00
00
00
00
00
0c
0e
00
00
00
00
00
00
00
00
00
00
00
00
00
00
00
00
00
03
0f
07
00
00
00
00
00
01
0e
0a
00
00
00
00
00
00
00
00
00
00
00
00
00
00
00
00
00
07
0f
03
00
00
00
00
00
06
0f
06
00
00
00
00
00
00
00
00
00
00
00
00
00
00
00
00
00
0d
0e
04
09
0b
0b
0f
0f
0f
0f
07
00
00
00
00
00
00
00
00
00
00
00
00
00
00
00
00
00
0f
0f
0f
0f
0d
0b
0b
0b
0f
0f
0f
05
00
00
00
00
00
00
00
00
00
00
00
00
00
00
00
00
0d
0e
07
01
00
00
00
00
0e
0f
0f
0c
00
00
00
00
00
00
00
00
00
00
00
00
00
00
00
00
00
01
00
00
00
00
00
01
0f
0c
02
02
00
00
00
00
00
00
00
00
00
00
00
00
00
00
00
00
00
00
00
00
00
00
00
06
0f
08
00
00
00
00
00
00
00
00
00
00
00
00
00
00
00
00
00
00
00
00
00
00
00
00
00
07
0f
04
00
00
00
00
00
00
00
00
00
00
00
00
00
00
00
00
00
00
00
00
00
00
00
00
00
07
0f
03
00
00
00
00
00
00
00
00
00
00
00
00
00
00
00
00
00
00
00
00
00
00
00
00
00
07
0f
03
00
00
00
00
00
00
00
00
00
00
00
00
00
00
00
00
00
00
00
00
00
00
00
00
00
0a
10
06
00
00
00
00
00
00
00
00
00
00
00
00
00
00
00
00
00
00
00
00
00
00
00
00
00
0b
0f
05
00
00
00
00
00
00
00
00
00
00
00
00
00
00
00
00
00
00
00
00
00
00
00
00
00
07
0b
00
00
00
00
00
00
00
00
00
00
00
00
00
00
00
00
00
00
00
00
00
00
00
00
00
00
00
00
00
00
00
00
00
00
00
00
00
00
00
00
00
00
00
00
00
00
00
00
00
00
00
00
00
00
00
00
00
00
00
00
00
00
00
00
00
00
00
00
00
00
00
00
00
00
00
00
00
00
00
00
00
00
00
00
00
00
00
00
00
00
00
00
00
00
00
