00
00
00
00
00
00
00
00
00
00
00
00
00
00
00
00
00
00
00
00
00
00
00
00
00
00
00
00
00
00
00
00
00
00
00
00
00
00
00
00
00
00
00
00
00
00
00
00
00
00
00
00
00
00
00
00
00
00
00
00
00
00
00
00
00
00
00
00
00
00
00
00
00
00
00
00
00
00
00
00
00
00
00
00
00
00
00
00
00
00
00
00
00
00
00
00
00
00
00
00
00
00
00
00
00
00
00
00
00
00
00
00
00
00
00
00
00
00
00
00
00
00
00
00
00
00
00
00
00
00
00
00
00
00
00
00
00
00
00
00
00
00
00
00
00
00
00
00
00
00
00
00
00
00
00
00
00
00
00
00
00
00
00
00
00
00
00
00
00
00
00
00
00
00
00
00
00
00
00
00
00
00
00
00
00
00
00
00
00
00
00
00
00
00
00
00
00
00
00
00
00
00
00
00
00
00
00
00
00
02
03
08
0c
0c
05
02
00
00
00
00
00
00
00
00
00
00
00
00
00
00
00
00
00
00
00
02
09
0e
0f
0f
0f
0f
0f
0f
0d
09
00
00
00
00
00
00
00
00
00
00
00
00
00
00
00
02
09
0f
0f
0f
0e
0a
08
0f
0c
0f
0e
0e
06
00
00
00
00
00
00
00
00
00
00
00
00
00
09
0e
0f
0f
0b
08
00
00
00
0b
02
0c
0f
0d
0f
01
00
00
00
00
00
00
00
00
00
00
00
07
0f
0f
0e
08
00
00
00
00
00
0d
02
04
0f
0f
0f
01
00
00
00
00
00
00
00
00
00
00
04
0f
0f
0e
03
00
00
00
00
00
02
07
0e
0f
0f
10
0a
00
00
00
00
00
00
00
00
00
00
00
04
0f
0f
0d
06
08
0b
0b
0a
0d
0f
0e
0f
0f
0f
0e
02
00
00
00
00
00
00
00
00
00
00
00
00
0a
0f
0f
10
0f
0f
0f
0f
0f
0f
0f
0f
0f
0a
01
00
00
00
00
00
00
00
00
00
00
00
00
00
00
01
08
0c
0b
09
09
0c
0f
0f
0f
0f
09
01
00
00
00
00
00
00
00
00
00
00
00
00
00
00
00
00
00
00
00
00
00
0a
0f
0f
0f
06
00
00
00
00
00
00
00
00
00
00
00
00
00
00
00
00
00
00
00
00
00
00
07
0f
0f
0f
05
00
00
00
00
00
00
00
00
00
00
00
00
00
00
00
00
00
00
00
00
00
00
06
0f
0f
0f
0d
00
00
00
00
00
00
00
00
00
00
00
00
00
00
00
00
00
00
00
00
00
00
03
0f
0f
0f
0f
03
00
00
00
00
00
00
00
00
00
00
00
00
00
00
00
00
00
00
00
00
00
00
08
0f
0f
0f
04
00
00
00
00
00
00
00
00
00
00
00
00
00
00
00
00
00
00
00
00
00
00
00
0f
0f
0f
09
00
00
00
00
00
00
00
00
00
00
00
00
00
00
00
00
00
00
00
00
00
00
00
0e
0f
0f
0d
00
00
00
00
00
00
00
00
00
00
00
00
00
00
00
00
00
00
00
00
00
00
00
04
10
0f
0f
04
00
00
00
00
00
00
00
00
00
00
00
00
00
00
00
00
00
00
00
00
00
00
00
0d
0f
0f
08
00
00
00
00
00
00
00
00
00
00
00
00
00
00
00
00
00
00
00
00
00
00
00
00
0e
10
0e
01
00
00
00
00
00
00
00
00
00
00
00
00
00
00
00
00
00
00
00
00
00
00
00
00
07
10
06
00
00
00
00
00
00
00
00
00
00
00
00
00
00
00
00
00
00
00
00
00
00
00
00
00
00
00
00
00
00
00
00
00
00
00
00
00
00
00
00
00
00
00
00
