00
00
00
00
00
00
00
00
00
00
00
00
00
00
00
00
00
00
00
00
00
00
00
00
00
00
00
00
00
00
00
00
00
00
00
00
00
00
00
00
00
00
00
00
00
00
00
00
00
00
00
00
00
00
00
00
00
00
00
00
00
00
00
00
00
00
00
00
00
00
00
00
00
00
00
00
00
00
00
00
00
00
00
00
00
00
00
00
00
00
00
00
00
00
00
00
00
00
00
00
00
00
00
00
00
00
00
00
00
00
00
00
00
00
00
00
00
00
00
00
00
00
00
00
00
00
00
00
00
00
00
00
00
00
00
00
00
00
00
00
00
00
00
00
00
00
00
00
00
00
00
00
00
00
00
00
00
00
00
00
00
00
00
00
00
00
00
00
00
00
00
00
00
00
00
00
00
00
00
00
00
00
00
00
00
00
00
00
00
00
00
00
00
00
00
00
00
00
00
00
04
0c
10
0f
09
0e
0d
0a
08
08
08
05
06
08
05
07
04
04
00
00
00
00
00
00
00
00
00
00
07
0f
0f
0f
0f
0f
0f
0f
0f
0f
0f
0f
0f
0f
0f
0f
0f
0f
0f
00
00
00
00
00
00
00
00
00
00
03
06
06
06
06
06
06
08
0e
0e
0e
0f
0e
0f
0f
0f
0f
0f
03
00
00
00
00
00
00
00
00
00
00
00
00
00
00
00
00
00
00
00
00
02
01
03
0e
0f
0f
0a
00
00
00
00
00
00
00
00
00
00
00
00
00
00
00
00
00
00
00
00
00
00
00
06
0f
0f
08
00
00
00
00
00
00
00
00
00
00
00
00
00
00
00
00
00
00
00
00
00
00
00
04
0f
0f
0d
03
00
00
00
00
00
00
00
00
00
00
00
00
00
00
00
02
05
02
02
02
00
00
04
0e
0f
0e
01
00
00
00
00
00
00
00
00
00
00
00
00
00
00
00
01
0e
0f
0f
0f
0f
0c
0a
0e
0f
0f
0a
03
01
00
00
00
00
00
00
00
00
00
00
00
00
00
00
01
0c
0f
0f
0f
0f
0f
0f
0f
0f
0f
0f
0f
0d
0b
01
00
00
00
00
00
00
00
00
00
00
00
00
00
00
04
08
09
0e
0f
0f
0f
0f
0f
0f
0f
0f
0f
06
00
00
00
00
00
00
00
00
00
00
00
00
00
00
00
00
02
0e
0f
0f
0c
08
03
03
03
03
03
00
00
00
00
00
00
00
00
00
00
00
00
00
00
00
00
00
0a
0f
0f
09
00
00
00
00
00
00
00
00
00
00
00
00
00
00
00
00
00
00
00
00
00
00
00
09
0f
0f
06
00
00
00
00
00
00
00
00
00
00
00
00
00
00
00
00
00
00
00
00
00
00
00
04
0f
0f
09
00
00
00
00
00
00
00
00
00
00
00
00
00
00
00
00
00
00
00
00
00
00
00
02
0f
0f
0c
00
00
00
00
00
00
00
00
00
00
00
00
00
00
00
00
00
00
00
00
00
00
00
00
05
0f
0e
03
00
00
00
00
00
00
00
00
00
00
00
00
00
00
00
00
00
00
00
00
00
00
00
05
0f
0f
05
00
00
00
00
00
00
00
00
00
00
00
00
00
00
00
00
00
00
00
00
00
00
00
04
0f
0f
0e
02
00
00
00
00
00
00
00
00
00
00
00
00
00
00
00
00
00
00
00
00
00
00
01
0f
0f
0e
03
00
00
00
00
00
00
00
00
00
00
00
00
00
00
00
00
00
00
00
00
00
00
00
01
0f
0f
09
00
00
00
00
00
00
00
00
00
00
00
00
00
00
00
00
00
00
00
00
00
00
00
00
00
00
00
00
00
00
00
00
00
00
00
00
00
00
00
00
00
00
00
00
00
00
