00
00
00
00
00
00
00
00
00
00
00
00
00
00
00
00
00
00
00
00
00
00
00
00
00
00
00
00
00
00
00
00
00
00
00
00
00
00
00
00
00
00
00
00
00
00
00
00
00
00
00
00
00
00
00
00
00
00
00
00
00
00
00
00
00
00
00
00
00
00
00
00
00
00
00
00
00
00
00
00
00
00
00
00
00
00
00
00
00
00
00
00
00
00
00
00
00
00
00
00
00
00
00
00
00
00
00
00
00
00
00
00
00
00
00
00
00
00
00
00
00
00
00
00
00
00
00
00
00
00
00
00
00
00
00
00
00
00
00
00
00
00
00
00
00
00
00
00
00
00
00
00
00
02
02
02
00
00
00
00
00
00
00
00
00
00
00
00
00
00
00
00
00
00
00
00
00
00
00
00
06
0f
0f
0f
0d
0c
0c
0c
09
04
00
00
00
00
00
00
00
00
00
00
00
00
00
00
00
00
00
0b
0f
0f
0f
0f
0f
0f
0f
0f
0f
0f
0d
01
00
00
00
00
00
00
00
00
00
00
00
00
00
03
0c
0f
0f
0c
07
07
03
05
05
04
09
0d
0f
0a
00
00
00
00
00
00
00
00
00
00
00
00
00
08
0f
0f
0c
01
00
00
00
00
00
00
00
09
0f
0d
00
00
00
00
00
00
00
00
00
00
00
00
00
08
0f
0f
01
00
00
00
00
00
00
00
04
0f
0f
0d
00
00
00
00
00
00
00
00
00
00
00
00
00
06
0f
0f
06
00
00
00
00
00
00
02
0e
0f
0f
0a
00
00
00
00
00
00
00
00
00
00
00
00
00
00
09
0f
0e
02
00
00
00
02
09
0f
0f
0f
0b
01
00
00
00
00
00
00
00
00
00
00
00
00
00
00
01
0c
0f
0c
00
02
04
0e
0f
0f
0e
08
00
00
00
00
00
00
00
00
00
00
00
00
00
00
00
00
00
01
0d
0f
0d
0f
0f
0f
0e
08
01
00
00
00
00
00
00
00
00
00
00
00
00
00
00
00
00
00
00
06
0e
0f
0f
0f
0e
04
00
00
00
00
00
00
00
00
00
00
00
00
00
00
00
00
00
00
04
0a
0f
0f
0f
0f
0f
0f
07
00
00
00
00
00
00
00
00
00
00
00
00
00
00
00
00
01
08
0e
0f
0f
0f
0b
07
04
0d
0f
0f
01
00
00
00
00
00
00
00
00
00
00
00
00
00
00
0a
0e
0f
0f
0f
0a
02
00
00
05
0f
0f
0f
03
00
00
00
00
00
00
00
00
00
00
00
00
00
00
08
0f
0f
0f
0d
05
07
09
0c
0f
0f
0f
0e
00
00
00
00
00
00
00
00
00
00
00
00
00
00
00
00
08
0f
0f
10
0f
0f
0f
0f
0f
0f
0e
02
00
00
00
00
00
00
00
00
00
00
00
00
00
00
00
00
00
01
07
08
0c
0c
0c
0c
0c
07
00
00
00
00
00
00
00
00
00
00
00
00
00
00
00
00
00
00
00
00
00
00
00
00
00
00
00
00
00
00
00
00
00
00
00
00
00
00
00
00
00
00
00
00
00
00
00
00
00
00
00
00
00
00
00
00
00
00
00
00
00
00
00
00
00
00
00
00
00
00
00
00
00
00
00
00
00
00
00
00
00
00
00
00
00
00
00
00
00
00
00
00
00
00
00
00
00
00
00
00
00
00
00
00
00
00
00
00
00
00
00
00
00
00
00
00
00
00
00
00
00
00
00
00
00
00
00
00
00
00
00
00
00
00
00
00
00
00
00
00
00
00
00
00
00
00
00
00
00
00
00
00
00
00
00
00
00
00
00
00
00
00
00
00
00
00
00
00
00
00
00
00
00
00
00
00
00
00
00
00
00
