00
00
00
00
00
00
00
00
00
00
00
00
00
00
00
00
00
00
00
00
00
00
00
00
00
00
00
00
00
00
00
00
00
00
00
00
00
00
00
00
00
00
00
00
00
00
00
00
00
00
00
00
00
00
00
00
00
00
00
00
00
00
00
00
00
00
00
00
00
00
00
00
00
00
00
00
00
00
00
00
00
00
00
00
00
00
00
00
00
00
00
00
00
00
00
00
00
00
00
00
00
00
00
00
00
00
00
00
00
00
00
00
00
00
00
00
00
00
00
00
00
00
00
00
00
00
00
00
00
00
00
00
00
00
00
00
00
00
00
00
00
00
00
00
00
00
00
00
00
00
00
00
00
00
00
00
00
00
00
00
00
00
00
00
00
00
00
00
00
00
00
00
00
00
00
00
00
00
00
00
00
00
00
00
00
00
00
00
00
00
00
00
00
00
00
00
00
00
00
00
00
00
00
00
00
07
0a
03
00
00
00
04
0e
03
00
00
00
00
00
00
00
00
00
00
00
00
00
00
00
00
00
00
00
0f
0f
0f
0d
0b
0c
0f
0f
0a
00
00
00
00
00
00
00
00
00
00
00
00
00
00
00
00
00
00
00
0f
0f
0f
0f
0f
0f
0f
0f
0f
02
00
00
00
00
00
00
00
00
00
00
00
00
00
00
00
00
00
04
0f
0f
06
09
0d
0f
0f
0f
0f
02
00
00
00
00
00
00
00
00
00
00
00
00
00
00
00
00
00
06
0f
0f
01
00
01
02
02
0e
0f
02
00
00
00
00
00
00
00
00
00
00
00
00
00
00
00
00
00
06
10
0f
01
00
00
00
00
0e
0f
03
00
00
00
00
00
00
00
00
00
00
00
00
00
00
00
00
00
06
0f
0f
01
00
00
00
00
0e
0f
09
00
00
00
00
00
00
00
00
00
00
00
00
00
00
00
00
00
06
0f
0f
01
00
00
00
00
0e
0f
09
00
00
00
00
00
00
00
00
00
00
00
00
00
00
00
00
00
05
0e
0f
01
00
00
00
00
0e
0f
09
00
00
00
00
00
00
00
00
00
00
00
00
00
00
00
00
00
00
02
09
00
00
00
00
00
0e
0f
09
00
00
00
00
00
00
00
00
00
00
00
00
00
00
00
00
00
00
00
00
00
00
00
00
00
0e
0f
09
00
00
00
00
00
00
00
00
00
00
00
00
00
00
00
00
00
00
00
00
00
00
00
00
00
0e
0f
09
00
00
00
00
00
00
00
00
00
00
00
00
00
00
00
00
00
00
00
00
00
00
00
00
00
0e
0f
09
00
00
00
00
00
00
00
00
00
00
00
00
00
00
00
00
00
00
00
00
00
00
00
00
00
0e
0f
09
00
00
00
00
00
00
00
00
00
00
00
00
00
00
00
00
00
00
00
00
00
00
00
00
00
0e
0f
09
00
00
00
00
00
00
00
00
00
00
00
00
00
00
00
00
00
00
00
00
00
00
00
00
00
0e
0f
0d
00
00
00
00
00
00
00
00
00
00
00
00
00
00
00
00
00
00
00
00
00
00
00
00
00
0e
0f
0f
00
00
00
00
00
00
00
00
00
00
00
00
00
00
00
00
00
00
00
00
00
00
00
00
00
0e
0f
0f
00
00
00
00
00
00
00
00
00
00
00
00
00
00
00
00
00
00
00
00
00
00
00
00
00
0e
0f
0f
00
00
00
00
00
00
00
00
00
00
00
00
00
00
00
00
00
00
00
00
00
00
00
00
00
02
0d
0a
00
00
00
00
00
00
00
00
00
00
00
00
00
00
00
00
00
00
00
00
00
00
00
00
00
00
00
00
00
00
00
00
00
00
00
00
00
