00
00
00
00
00
00
00
00
00
00
00
00
00
00
00
00
00
00
00
00
00
00
00
00
00
00
00
00
00
00
00
00
00
00
00
00
00
00
00
00
00
00
00
00
00
00
00
00
00
00
00
00
00
00
00
00
00
00
00
00
00
00
00
00
00
00
00
00
00
00
00
00
00
00
00
00
00
00
00
00
00
00
00
00
00
00
00
00
00
00
00
00
00
00
00
00
00
00
00
00
00
00
00
00
00
00
00
00
00
00
00
00
00
00
00
00
00
00
00
00
00
00
00
00
02
07
0b
0d
10
0f
0f
0f
03
00
00
00
00
00
00
00
00
00
00
00
00
00
00
00
00
00
00
0c
0f
0f
0f
0f
0f
0f
0f
0f
0f
0e
00
00
00
00
00
00
00
00
00
00
00
00
00
00
00
05
0f
0f
0f
0e
08
03
00
00
00
06
0f
0f
06
00
00
00
00
00
00
00
00
00
00
00
00
00
05
0e
0f
0a
07
00
00
00
00
00
00
01
0d
0f
07
00
00
00
00
00
00
00
00
00
00
00
00
05
0e
0f
0a
01
00
00
00
00
00
00
00
00
09
0f
07
00
00
00
00
00
00
00
00
00
00
00
06
0f
0d
03
00
00
00
00
00
00
00
00
00
00
09
0f
07
00
00
00
00
00
00
00
00
00
00
00
07
0f
07
00
00
00
00
00
00
00
00
00
00
00
0b
0f
01
00
00
00
00
00
00
00
00
00
00
00
01
02
00
00
00
00
00
00
00
00
00
00
00
04
0f
0f
00
00
00
00
00
00
00
00
00
00
00
00
00
00
00
00
00
00
00
00
00
00
00
00
01
0e
0f
06
00
00
00
00
00
00
00
00
00
00
00
00
00
00
00
00
00
00
00
00
00
00
00
02
09
0f
08
00
00
00
00
00
00
00
00
00
00
00
00
00
00
00
00
00
00
00
00
00
00
00
00
0b
0f
0c
01
00
00
00
00
00
00
00
00
00
00
00
00
00
00
00
00
00
00
00
00
00
00
00
09
0f
0f
04
00
00
00
00
00
00
00
00
00
00
00
00
00
00
00
00
00
00
00
00
00
00
00
09
0f
0c
04
00
00
00
00
00
00
00
00
00
00
00
00
00
00
00
00
00
00
00
00
00
00
00
09
0f
0e
04
00
00
00
00
00
00
00
00
00
00
00
00
00
00
00
00
00
00
01
02
02
08
0a
0b
0f
0e
02
00
00
00
00
00
00
00
00
00
00
00
00
00
00
00
00
00
00
05
0f
0f
0f
0f
0f
0f
0f
0f
0b
04
01
00
00
01
09
04
00
00
00
00
00
00
00
00
00
05
0c
0f
0f
0f
0f
0f
0f
0e
0a
0f
0f
0f
0f
09
04
09
06
03
00
00
00
00
00
00
00
00
00
0f
0f
0f
0f
0f
0f
0f
06
00
00
06
0f
0f
0f
0f
0f
0a
00
00
00
00
00
00
00
00
00
00
03
0f
0f
0f
0f
0f
08
01
00
00
00
00
01
07
0b
0b
03
00
00
00
00
00
00
00
00
00
00
00
00
07
07
0b
08
01
00
00
00
00
00
00
00
00
00
00
00
00
00
00
00
00
00
00
00
00
00
00
00
00
00
00
00
00
00
00
00
00
00
00
00
00
00
00
00
00
00
00
00
00
00
00
00
00
00
00
00
00
00
00
00
00
00
00
00
00
00
00
00
00
00
00
00
00
00
00
00
00
00
00
00
00
00
00
00
00
00
00
00
00
00
00
00
00
00
00
00
00
00
00
00
00
00
00
00
00
00
00
00
00
00
00
00
00
00
00
00
00
00
00
00
00
00
00
00
00
00
00
00
00
00
00
00
00
00
00
