00
00
00
00
00
00
00
00
00
00
00
00
00
00
00
00
00
00
00
00
00
00
00
00
00
00
00
00
00
00
00
00
00
00
00
00
00
00
00
00
00
00
00
00
00
00
00
00
00
00
00
00
00
00
00
00
00
00
00
00
00
00
00
00
00
00
00
00
00
00
00
00
00
00
00
00
00
00
00
00
00
00
00
00
00
00
00
00
00
00
00
00
00
00
00
00
00
00
00
00
00
00
00
00
00
00
00
00
00
00
00
00
00
00
00
00
00
00
00
00
00
00
00
00
03
08
0d
0f
0f
0f
0c
0a
02
00
00
00
00
00
00
00
00
00
00
00
00
00
00
00
06
08
0c
0c
0f
0f
0f
0f
09
04
00
00
00
00
00
00
00
00
00
00
00
00
00
00
00
00
00
00
0f
0f
0f
0c
08
06
05
00
00
00
00
00
00
00
00
00
00
00
00
00
00
00
00
00
00
00
00
00
0a
0f
0c
00
00
00
00
00
00
00
00
00
00
00
00
00
00
00
00
00
00
00
00
00
00
00
00
00
01
0d
0e
01
00
00
00
00
00
00
00
00
00
00
00
00
00
00
00
00
00
00
00
00
00
00
00
00
00
07
0f
03
00
00
00
00
00
00
00
00
00
00
00
00
00
00
00
00
00
00
00
00
00
00
00
00
00
07
0f
05
03
03
03
00
00
00
00
00
00
00
00
00
00
00
00
00
00
00
00
00
00
00
00
00
01
0d
0f
0f
0f
0f
0f
0a
05
00
00
00
00
00
00
00
00
00
00
00
00
00
00
00
00
00
00
01
0d
0f
0c
0a
06
06
0c
0d
0f
0f
03
00
00
00
00
00
00
00
00
00
00
00
00
00
00
00
00
03
0f
0a
00
00
00
00
00
01
07
0c
0f
0d
02
00
00
00
00
00
00
00
00
00
00
00
00
00
00
00
00
00
00
00
00
00
00
00
00
00
06
0c
0e
03
00
00
00
00
00
00
00
00
00
00
00
00
00
00
00
00
00
00
00
00
00
00
00
00
00
01
0d
0e
05
00
00
00
00
00
00
00
00
00
00
00
00
00
00
00
00
00
00
00
00
00
00
00
00
00
03
0c
0e
07
00
00
00
00
00
00
00
00
00
00
00
00
00
00
00
00
00
00
00
00
00
00
00
00
00
01
0d
0f
00
00
00
00
00
00
00
00
00
00
00
00
00
00
00
00
00
00
00
00
00
00
00
00
00
00
09
0f
00
00
00
00
00
00
00
00
00
00
00
00
00
00
00
00
00
00
00
00
00
00
00
00
00
02
0e
0d
00
00
00
00
00
00
00
00
00
00
00
00
07
05
00
00
00
00
00
00
00
00
00
00
01
0a
0f
02
00
00
00
00
00
00
00
00
00
00
00
05
0f
09
00
00
00
00
00
00
01
06
06
0b
0e
0d
05
00
00
00
00
00
00
00
00
00
00
00
00
05
10
0f
0e
09
09
0c
0a
0f
0f
0f
0f
0d
08
01
00
00
00
00
00
00
00
00
00
00
00
00
00
00
04
09
09
0e
0f
0d
0c
09
08
03
03
00
00
00
00
00
00
00
00
00
00
00
00
00
00
00
00
00
00
00
00
00
00
00
00
00
00
00
00
00
00
00
00
00
00
00
00
00
00
00
00
00
00
00
00
00
00
00
00
00
00
00
00
00
00
00
00
00
00
00
00
00
00
00
00
00
00
00
00
00
00
00
00
00
00
00
00
00
00
00
00
00
00
00
00
00
00
00
00
00
00
00
00
00
00
00
00
00
00
00
00
00
00
00
00
00
00
00
00
00
00
00
00
00
00
00
00
00
00
00
00
00
