00
00
00
00
00
00
00
00
00
00
00
00
00
00
00
00
00
00
00
00
00
00
00
00
00
00
00
00
00
00
00
00
00
00
00
00
00
00
00
00
00
00
00
00
00
00
00
00
00
00
00
00
00
00
00
00
00
00
00
00
00
00
00
00
00
00
00
00
00
00
00
00
00
00
00
00
00
00
00
00
00
00
00
00
00
00
00
00
00
00
00
00
00
00
00
00
00
00
00
00
00
00
00
00
00
00
00
00
00
00
00
00
00
00
00
00
00
00
00
00
00
00
00
00
00
00
00
00
00
00
00
00
00
00
00
00
00
00
00
00
00
00
00
00
00
00
00
00
00
00
00
00
00
01
00
00
00
00
00
00
00
00
00
00
00
00
00
00
00
00
00
00
00
00
00
00
00
00
00
06
0d
0e
08
03
05
05
05
05
02
00
00
00
00
00
00
00
00
00
00
00
00
00
00
00
00
00
09
0f
0f
0f
0f
0f
0f
0f
0f
0f
0f
08
01
00
00
00
00
00
00
00
00
00
00
00
00
00
02
0c
0f
0f
0f
0f
0f
0e
0c
08
08
0c
0f
0f
0b
00
00
00
00
00
00
00
00
00
00
00
00
02
0e
0f
0e
0c
07
08
0c
02
00
00
00
00
02
0b
0f
08
00
00
00
00
00
00
00
00
00
00
01
0d
0f
0e
02
00
00
00
00
00
00
00
00
00
00
00
0e
0f
07
00
00
00
00
00
00
00
00
00
07
0f
0f
04
00
00
00
00
00
00
00
00
00
00
00
00
05
0f
0f
00
00
00
00
00
00
00
00
03
0f
0f
06
00
00
00
00
00
00
00
00
00
00
00
00
00
04
0f
0f
00
00
00
00
00
00
00
00
0d
0f
0e
00
00
00
00
00
00
00
00
00
00
00
00
00
00
04
0f
0f
00
00
00
00
00
00
00
00
0f
0f
07
00
00
00
00
00
00
00
00
00
00
00
00
00
00
04
0f
0f
00
00
00
00
00
00
00
00
0f
0f
02
00
00
00
00
00
00
00
00
00
00
00
00
00
00
08
0f
0c
00
00
00
00
00
00
00
00
10
0f
04
00
00
00
00
00
00
00
00
00
00
00
00
00
01
0f
0f
08
00
00
00
00
00
00
00
00
10
0f
04
00
00
00
00
00
00
00
00
00
00
00
00
04
0d
0f
0e
02
00
00
00
00
00
00
00
00
0a
0f
0f
05
00
00
00
00
00
00
00
00
02
07
0c
0f
0f
0c
01
00
00
00
00
00
00
00
00
00
01
0d
0f
0f
0b
08
06
03
08
08
08
0c
0f
0f
0f
0e
08
00
00
00
00
00
00
00
00
00
00
00
00
01
0a
0f
0f
0f
0f
0f
0f
0f
0f
0f
0f
0f
07
01
00
00
00
00
00
00
00
00
00
00
00
00
00
00
00
03
0a
0b
0b
0d
0b
0b
0b
07
05
03
00
00
00
00
00
00
00
00
00
00
00
00
00
00
00
00
00
00
00
00
00
00
00
00
00
00
00
00
00
00
00
00
00
00
00
00
00
00
00
00
00
00
00
00
00
00
00
00
00
00
00
00
00
00
00
00
00
00
00
00
00
00
00
00
00
00
00
00
00
00
00
00
00
00
00
00
00
00
00
00
00
00
00
00
00
00
00
00
00
00
00
00
00
00
00
00
00
00
00
00
00
00
00
00
00
00
00
00
00
00
00
00
00
00
00
00
00
00
00
00
00
00
00
00
00
00
00
00
00
00
00
00
00
00
00
00
00
00
00
00
00
00
00
00
00
00
00
00
00
00
00
00
00
00
00
00
00
00
00
00
00
00
00
00
00
00
00
00
00
00
00
00
00
00
00
00
00
