00
00
00
00
00
00
00
00
00
00
00
00
00
00
00
00
00
00
00
00
00
00
00
00
00
00
00
00
00
00
00
00
00
00
00
00
00
00
00
00
00
00
00
00
00
00
00
00
00
00
00
00
00
00
00
00
00
00
00
00
00
00
00
00
00
00
00
00
00
00
00
00
00
00
00
00
00
00
00
00
00
00
00
00
00
00
00
00
00
00
00
00
00
00
00
00
03
0b
0f
0f
03
00
00
00
00
00
00
00
00
00
00
00
00
00
00
00
00
00
00
00
00
00
00
00
0b
0f
0f
0e
0a
00
00
00
00
00
00
00
00
00
00
00
00
00
00
00
00
00
00
00
00
00
00
04
0e
0f
08
02
03
00
00
00
00
00
00
00
00
00
00
00
00
00
00
00
00
00
00
00
00
00
01
0e
0f
0b
00
00
00
00
00
00
00
00
00
00
00
00
00
00
00
00
00
00
00
00
00
00
00
00
04
0f
0f
03
00
00
00
00
00
00
00
00
00
00
00
00
00
00
00
00
00
00
00
00
00
00
00
00
08
0f
0a
00
00
00
00
00
00
00
00
00
00
00
00
00
00
00
00
00
00
00
00
00
00
00
00
01
0d
0f
04
00
00
00
00
00
00
00
00
00
00
00
00
00
00
00
00
00
00
00
00
00
00
00
00
07
0f
0f
03
00
00
00
00
00
00
00
00
00
00
00
00
00
00
00
00
00
00
00
00
00
00
00
00
09
0f
0c
00
00
00
00
00
00
00
00
00
00
00
00
00
00
00
00
00
00
00
00
00
00
00
00
00
0e
0f
06
00
00
00
00
00
00
00
00
00
00
00
00
00
00
00
00
00
00
00
00
00
00
00
00
00
0e
10
0b
08
0b
0f
10
0f
0d
06
00
00
00
00
00
00
00
00
00
00
00
00
00
00
00
00
00
00
0e
0f
0f
0f
0f
0f
0d
0f
0f
0f
07
00
00
00
00
00
00
00
00
00
00
00
00
00
00
00
00
00
0e
0f
0f
0b
05
04
00
04
0a
0f
0f
05
00
00
00
00
00
00
00
00
00
00
00
00
00
00
00
00
08
0f
09
00
00
00
00
00
00
0d
0f
07
00
00
00
00
00
00
00
00
00
00
00
00
00
00
00
00
07
0f
0c
00
00
00
00
00
00
09
0f
07
00
00
00
00
00
00
00
00
00
00
00
00
00
00
00
00
06
10
0d
00
00
00
00
00
03
0e
0f
07
00
00
00
00
00
00
00
00
00
00
00
00
00
00
00
00
00
09
0f
09
00
00
00
01
0c
0f
0f
05
00
00
00
00
00
00
00
00
00
00
00
00
00
00
00
00
00
01
0e
0f
09
04
05
0e
0f
0e
08
00
00
00
00
00
00
00
00
00
00
00
00
00
00
00
00
00
00
00
03
0e
0f
0f
0f
0f
0b
03
00
00
00
00
00
00
00
00
00
00
00
00
00
00
00
00
00
00
00
00
00
03
0b
0f
0b
07
00
00
00
00
00
00
00
00
00
00
00
00
00
00
00
00
00
00
00
00
00
00
00
00
00
00
00
00
00
00
00
00
00
00
00
00
00
00
00
00
00
00
00
00
00
00
00
00
00
00
00
00
00
00
00
00
00
00
00
00
00
00
00
00
00
00
00
00
00
00
00
00
00
00
00
00
00
00
00
00
00
00
00
00
00
00
00
00
00
00
00
00
00
00
00
00
00
00
00
00
00
00
00
00
00
00
00
00
00
00
00
00
00
00
00
00
00
00
00
00
00
00
00
00
00
00
00
00
00
00
00
00
00
00
00
00
00
00
00
00
00
00
00
00
00
00
00
00
00
00
00
