00
00
00
00
00
00
00
00
00
00
00
00
00
00
00
00
00
00
00
00
00
00
00
00
00
00
00
00
00
00
00
00
00
00
00
00
00
00
00
00
00
00
00
00
00
00
00
00
00
00
00
00
00
00
00
00
00
00
00
00
00
00
00
00
00
00
00
00
00
00
00
00
00
00
00
00
00
00
00
00
00
00
00
00
00
00
00
00
00
00
00
00
00
00
00
00
00
00
00
00
00
00
00
00
00
00
00
00
00
00
00
00
00
00
00
00
00
00
00
00
00
00
00
00
00
00
00
00
00
00
00
00
00
00
00
00
00
00
00
00
00
00
00
00
00
00
00
00
00
00
03
0e
00
00
00
00
00
00
00
04
01
00
00
00
00
00
00
00
00
00
00
00
00
00
00
00
00
00
07
0e
00
00
00
00
00
00
00
09
0a
00
00
00
00
00
00
00
00
00
00
00
00
00
00
00
00
00
0c
0e
00
00
00
00
00
00
00
06
0d
00
00
00
00
00
00
00
00
00
00
00
00
00
00
00
00
04
0f
08
00
00
00
00
00
00
00
07
0f
01
00
00
00
00
00
00
00
00
00
00
00
00
00
00
02
0e
0d
00
00
00
00
00
00
00
00
0c
0f
01
00
00
00
00
00
00
00
00
00
00
00
00
00
00
0a
0f
03
00
00
00
00
00
00
00
01
10
0f
01
00
00
00
00
00
00
00
00
00
00
00
00
00
05
0f
0d
00
00
00
00
00
00
00
00
08
0f
0b
00
00
00
00
00
00
00
00
00
00
00
00
00
00
0a
0f
06
00
00
00
00
00
00
00
02
0e
0f
04
00
00
00
00
00
00
00
00
00
00
00
00
00
00
0e
0f
00
00
00
00
00
00
00
00
08
0f
0d
00
00
00
00
00
00
00
00
00
00
00
00
00
00
01
0f
0a
00
00
00
00
00
00
00
00
0a
0f
0a
00
00
00
00
00
00
00
00
00
00
00
00
00
00
00
0c
0d
01
00
00
00
00
00
00
01
0f
0f
06
00
00
00
00
00
00
00
00
00
00
00
00
00
00
00
0a
0f
0c
05
05
05
05
08
0a
0c
0f
0f
06
00
00
00
00
00
00
00
00
00
00
00
00
00
00
00
02
0a
0f
0f
0f
0f
0f
0e
0e
0f
0f
0f
00
00
00
00
00
00
00
00
00
00
00
00
00
00
00
00
00
00
03
05
05
05
05
00
00
0a
0f
0f
00
00
00
00
00
00
00
00
00
00
00
00
00
00
00
00
00
00
00
00
00
00
00
00
00
07
0f
0f
02
00
00
00
00
00
00
00
00
00
00
00
00
00
00
00
00
00
00
00
00
00
00
00
00
08
0f
0f
00
00
00
00
00
00
00
00
00
00
00
00
00
00
00
00
00
00
00
00
00
00
00
00
00
07
0f
0f
00
00
00
00
00
00
00
00
00
00
00
00
00
00
00
00
00
00
00
00
00
00
00
00
00
08
0f
0f
00
00
00
00
00
00
00
00
00
00
00
00
00
00
00
00
00
00
00
00
00
00
00
00
00
0e
0e
06
00
00
00
00
00
00
00
00
00
00
00
00
00
00
00
00
00
00
00
00
00
00
00
00
00
0b
04
00
00
00
00
00
00
00
00
00
00
00
00
00
00
00
00
00
00
00
00
00
00
00
00
00
00
00
00
00
00
00
00
00
00
00
00
00
00
00
00
00
00
00
00
00
00
00
00
00
00
00
00
00
00
00
00
00
00
00
00
00
00
00
00
00
00
00
00
00
00
00
00
00
00
00
00
00
00
00
00
00
00
00
00
00
00
00
00
00
00
00
00
00
00
