00
00
00
00
00
00
00
00
00
00
00
00
00
00
00
00
00
00
00
00
00
00
00
00
00
00
00
00
00
00
00
00
00
00
00
00
00
00
00
00
00
00
00
00
00
00
00
00
00
00
00
00
00
00
00
00
00
00
00
00
00
00
00
00
00
00
00
00
00
00
00
00
00
00
00
00
00
00
00
00
00
00
00
00
00
00
00
00
00
00
00
00
00
00
00
00
00
00
00
00
00
00
00
00
00
00
00
00
00
00
00
00
00
00
00
00
00
00
00
00
00
00
00
00
00
00
00
00
00
00
00
00
00
00
00
00
00
00
00
00
00
00
00
00
00
00
00
00
00
02
10
0f
10
0f
0f
0f
09
08
05
00
00
00
00
00
00
00
00
00
00
00
00
00
00
00
00
00
00
02
0f
0f
0f
0f
0f
0f
0f
0f
0f
06
00
00
00
00
00
00
00
00
00
00
00
00
00
00
00
00
00
00
08
0e
0f
0f
0f
0f
0f
0f
0f
0f
01
00
00
00
00
00
00
00
00
00
00
00
00
00
00
00
00
00
00
03
0f
0f
0a
0e
0f
0f
0f
0f
06
00
00
00
00
00
00
00
00
00
00
00
00
00
00
00
00
00
00
0b
0f
0b
00
01
08
0f
0f
0f
0d
00
00
00
00
00
00
00
00
00
00
00
00
00
00
00
00
00
08
0f
0d
01
00
00
00
0b
0f
0f
0f
01
00
00
00
00
00
00
00
00
00
00
00
00
00
00
00
02
0f
0f
07
00
00
00
00
04
0f
0f
0f
06
00
00
00
00
00
00
00
00
00
00
00
00
00
00
00
07
0f
0c
01
00
00
00
00
00
0b
0f
0f
09
00
00
00
00
00
00
00
00
00
00
00
00
00
00
02
0e
0f
04
00
00
00
00
00
00
05
0f
0f
09
00
00
00
00
00
00
00
00
00
00
00
00
00
00
09
0f
0b
00
00
00
00
00
00
00
05
0f
0f
09
00
00
00
00
00
00
00
00
00
00
00
00
00
00
0e
0f
05
00
00
00
00
00
00
00
05
0f
0f
09
00
00
00
00
00
00
00
00
00
00
00
00
00
01
0f
0f
05
00
00
00
00
00
00
00
05
0f
0f
09
00
00
00
00
00
00
00
00
00
00
00
00
00
01
0f
0f
05
00
00
00
00
00
00
00
05
0f
0f
06
00
00
00
00
00
00
00
00
00
00
00
00
00
01
0f
0f
08
00
00
00
00
00
00
00
05
0f
0d
01
00
00
00
00
00
00
00
00
00
00
00
00
00
01
0f
0f
0e
02
00
00
00
00
00
00
08
0f
09
00
00
00
00
00
00
00
00
00
00
00
00
00
00
01
0f
0f
0f
0e
07
00
04
06
06
0c
0f
0d
02
00
00
00
00
00
00
00
00
00
00
00
00
00
00
00
09
0f
0f
0f
0f
0e
0f
0f
0f
0f
0f
06
00
00
00
00
00
00
00
00
00
00
00
00
00
00
00
00
05
0f
0f
0f
0f
0f
0f
0f
0f
0f
07
00
00
00
00
00
00
00
00
00
00
00
00
00
00
00
00
00
00
02
0f
0f
0f
0f
0f
0f
0f
07
00
00
00
00
00
00
00
00
00
00
00
00
00
00
00
00
00
00
00
01
03
05
0d
0a
06
00
00
00
00
00
00
00
00
00
00
00
00
00
00
00
00
00
00
00
00
00
00
00
00
00
00
00
00
00
00
00
00
00
00
00
00
00
00
00
00
00
00
00
00
00
00
00
00
00
00
00
00
00
00
00
00
00
00
00
00
00
00
00
00
00
00
00
00
00
00
00
00
00
00
00
00
00
00
00
00
00
00
00
00
00
00
00
00
00
00
00
00
00
00
00
00
00
