00
00
00
00
00
00
00
00
00
00
00
00
00
00
00
00
00
00
00
00
00
00
00
00
00
00
00
00
00
00
00
00
00
00
00
00
00
00
00
00
00
00
00
00
00
00
00
00
00
00
00
00
00
00
00
00
00
00
00
00
00
00
00
00
00
00
00
00
00
00
00
00
00
00
00
00
00
00
00
00
00
00
00
00
00
00
00
00
00
00
00
00
00
00
00
00
00
00
00
00
00
00
00
00
00
00
00
00
00
00
00
00
00
00
00
00
00
00
00
00
00
00
00
00
00
00
00
00
00
00
00
00
00
00
00
00
00
00
00
00
00
00
00
00
00
00
04
09
0f
0f
10
0f
0f
0f
0a
01
00
00
00
00
00
00
00
00
00
00
00
00
00
00
00
00
00
07
0e
0f
0f
0f
0f
0f
0f
0f
0f
06
00
00
00
00
00
00
00
00
00
00
00
00
00
00
00
00
00
08
0e
0e
0a
02
01
01
02
0f
0f
06
00
00
00
00
00
00
00
00
00
00
00
00
00
00
00
00
00
00
00
00
00
00
00
00
03
0f
0f
06
00
00
00
00
00
00
00
00
00
00
00
00
00
00
00
00
00
00
00
00
00
00
00
02
0d
0f
0d
01
00
00
00
00
00
00
00
00
00
00
00
00
00
00
00
00
00
00
00
00
00
00
01
09
0f
0f
02
00
00
00
00
00
00
00
00
00
00
00
00
00
00
00
00
00
00
00
00
00
00
02
0b
0f
0f
0e
06
02
00
00
00
00
00
00
00
00
00
00
00
00
00
00
00
00
00
00
00
01
07
0d
0f
0f
0f
0f
0f
0f
09
01
00
00
00
00
00
00
00
00
00
00
00
00
00
00
00
00
00
09
0f
0f
0d
09
05
09
0d
0f
0f
0c
01
00
00
00
00
02
00
00
00
00
00
00
00
00
00
00
00
06
0f
0a
01
00
00
00
01
07
0f
0f
0e
02
00
00
06
08
00
00
00
00
00
00
00
00
00
00
00
00
00
00
00
00
00
00
00
00
02
0e
0f
07
06
0e
0d
02
00
00
00
00
00
00
00
00
00
00
00
00
00
00
00
00
00
00
00
00
00
05
0f
0f
0f
0b
02
00
00
00
00
00
00
00
00
00
00
00
00
00
00
00
00
00
00
00
00
00
00
05
0f
0f
0a
00
00
00
00
00
00
00
00
00
00
00
00
00
00
00
00
00
00
00
00
00
00
03
0c
0f
0f
0f
06
00
00
00
00
00
00
00
00
00
00
00
00
00
00
00
00
00
00
00
00
00
05
0e
0f
0f
0f
0f
01
00
00
00
00
00
00
00
00
00
00
00
00
00
00
00
00
00
00
00
00
04
0e
0d
04
0f
0f
0b
00
00
00
00
00
00
00
00
00
00
00
00
00
00
00
00
00
00
00
00
06
0f
0d
02
0b
0f
0f
04
00
00
00
00
00
00
00
00
00
00
00
00
00
00
00
00
00
00
00
02
0e
0f
07
0c
0f
0f
08
00
00
00
00
00
00
00
00
00
00
00
00
00
00
00
00
00
00
00
00
05
0f
0f
0f
0f
0f
08
00
00
00
00
00
00
00
00
00
00
00
00
00
00
00
00
00
00
00
00
00
05
0f
0f
0f
0b
07
00
00
00
00
00
00
00
00
00
00
00
00
00
00
00
00
00
00
00
00
00
00
00
00
00
00
00
00
00
00
00
00
00
00
00
00
00
00
00
00
00
00
00
00
00
00
00
00
00
00
00
00
00
00
00
00
00
00
00
00
00
00
00
00
00
00
00
00
00
00
00
00
00
00
00
00
00
00
00
00
00
00
00
00
00
00
00
00
00
00
00
00
00
00
00
