00
00
00
00
00
00
00
00
00
00
00
00
00
00
00
00
00
00
00
00
00
00
00
00
00
00
00
00
00
00
00
00
00
00
00
00
00
00
00
00
00
00
00
00
00
00
00
00
00
00
00
00
00
00
00
00
00
00
00
00
00
00
00
00
00
00
00
00
00
00
00
00
00
00
00
00
00
00
00
00
00
00
00
00
00
00
00
00
00
00
00
00
00
00
00
00
00
00
00
00
00
00
00
00
00
00
00
00
00
00
00
00
00
00
00
00
00
00
00
00
00
00
00
03
00
02
07
0c
07
07
03
00
00
00
00
00
00
00
00
00
00
00
00
00
00
00
00
00
00
00
0b
0f
0e
0f
0f
0f
0f
0f
0f
0e
05
00
00
00
00
00
00
00
00
00
00
00
00
00
00
00
00
09
0f
0f
0f
0d
0c
0b
0b
0b
0f
0f
0f
02
00
00
00
00
00
00
00
00
00
00
00
00
00
00
02
0e
0f
0e
04
01
00
00
00
00
08
0f
10
0a
01
00
00
00
00
00
00
00
00
00
00
00
00
00
03
0f
0f
06
00
00
00
00
00
00
00
08
0f
0f
04
00
00
00
00
00
00
00
00
00
00
00
00
00
03
0f
09
00
00
00
00
00
00
00
00
00
0d
0f
09
00
00
00
00
00
00
00
00
00
00
00
00
00
0c
0f
06
00
00
00
00
00
00
00
00
00
09
0f
0d
00
00
00
00
00
00
00
00
00
00
00
00
02
0d
0e
03
00
00
00
00
00
00
00
00
00
05
0f
0d
00
00
00
00
00
00
00
00
00
00
00
00
07
0f
0a
00
00
00
00
00
00
00
00
00
00
05
0f
0d
00
00
00
00
00
00
00
00
00
00
00
00
0d
0e
03
00
00
00
00
00
00
00
00
00
00
05
0f
0d
00
00
00
00
00
00
00
00
00
00
00
00
0d
0c
00
00
00
00
00
00
00
00
00
00
00
05
0f
0d
00
00
00
00
00
00
00
00
00
00
00
00
0d
0c
00
00
00
00
00
00
00
00
00
00
00
05
0f
0d
00
00
00
00
00
00
00
00
00
00
00
06
0f
0c
00
00
00
00
00
00
00
00
00
00
00
0a
0f
0d
00
00
00
00
00
00
00
00
00
00
00
06
0f
0c
00
00
00
00
00
00
00
00
00
00
03
0e
0f
04
00
00
00
00
00
00
00
00
00
00
00
06
0f
0c
00
00
00
00
00
00
00
00
00
03
0a
0f
0c
00
00
00
00
00
00
00
00
00
00
00
00
04
0f
0c
00
00
00
00
00
00
00
00
00
0a
0f
0e
03
00
00
00
00
00
00
00
00
00
00
00
00
00
0d
0d
01
00
00
00
00
00
02
09
0c
0f
0f
03
00
00
00
00
00
00
00
00
00
00
00
00
00
00
0d
0f
0c
0b
0b
0b
0b
0b
0e
0f
0f
0e
09
00
00
00
00
00
00
00
00
00
00
00
00
00
00
00
05
0c
0f
0f
0f
0f
0f
0f
0f
0f
0e
07
00
00
00
00
00
00
00
00
00
00
00
00
00
00
00
00
00
01
0d
0f
0f
0f
0f
0f
09
06
00
00
00
00
00
00
00
00
00
00
00
00
00
00
00
00
00
00
00
00
00
00
00
00
00
00
00
00
00
00
00
00
00
00
00
00
00
00
00
00
00
00
00
00
00
00
00
00
00
00
00
00
00
00
00
00
00
00
00
00
00
00
00
00
00
00
00
00
00
00
00
00
00
00
00
00
00
00
00
00
00
00
00
00
00
00
00
00
00
00
00
00
00
00
00
00
00
00
00
00
00
00
00
00
00
00
00
00
00
00
00
00
00
00
00
00
00
00
00
00
00
00
00
