00
00
00
00
00
00
00
00
00
00
00
00
00
00
00
00
00
00
00
00
00
00
00
00
00
00
00
00
00
00
00
00
00
00
00
00
00
00
00
00
00
00
00
00
00
00
00
00
00
00
00
00
00
00
00
00
00
00
00
00
00
00
00
00
00
00
00
00
00
00
00
00
00
00
00
00
00
00
00
00
00
00
00
00
00
00
00
00
00
00
00
00
00
00
00
00
00
00
00
00
00
00
00
00
00
00
00
00
00
00
00
00
00
00
00
00
00
00
00
00
00
00
00
00
00
00
00
00
00
00
00
00
00
00
00
00
00
00
00
00
00
00
00
00
00
00
00
00
00
00
00
00
00
00
00
00
00
00
00
00
00
00
00
00
04
03
00
00
00
00
00
00
00
00
00
00
00
00
00
00
00
00
00
00
00
00
00
03
07
0a
0f
0f
0c
06
00
00
00
00
00
00
00
00
00
00
00
00
00
00
00
03
01
00
01
07
0c
0f
10
0e
08
06
00
00
00
00
00
00
00
00
00
00
00
00
00
00
00
01
0b
0f
0e
0d
0e
0f
0f
09
04
01
00
00
00
00
00
00
00
00
00
00
00
00
00
00
00
00
01
0d
0f
0f
0f
0f
0d
06
02
00
00
00
00
00
00
00
00
00
00
00
00
00
00
00
00
00
00
01
0c
0f
0f
0f
0a
04
00
00
00
00
00
00
00
00
00
00
00
00
00
00
00
00
00
00
00
00
00
0b
0f
0f
0c
01
00
00
00
00
00
00
00
00
00
00
00
00
00
00
00
00
00
00
00
00
00
00
03
0f
0f
0a
00
00
00
00
00
00
00
00
00
00
00
00
00
00
00
00
00
00
00
00
00
00
00
00
0d
0f
0a
00
00
00
00
00
00
00
00
00
00
00
00
00
00
00
00
00
00
00
00
00
00
00
00
02
0f
0f
04
02
06
08
0d
0b
05
01
00
00
00
00
00
00
00
00
00
00
00
00
00
00
00
00
00
07
0f
0f
0f
0f
0f
0e
0d
0f
0f
0e
06
00
00
00
00
00
00
00
00
00
00
00
00
00
00
00
00
0c
0f
0f
0c
09
03
01
00
01
08
0f
0e
06
00
00
00
00
00
00
00
00
00
00
00
00
00
00
00
01
09
05
00
00
00
00
00
00
00
08
0f
0a
00
00
00
00
00
00
00
00
00
00
00
00
00
00
00
00
00
00
00
00
00
00
00
00
00
06
0f
0f
00
00
00
00
00
00
00
00
00
00
00
00
00
00
00
00
00
00
00
00
00
00
00
00
02
0d
0f
0b
00
00
00
00
00
00
00
00
00
00
00
00
00
00
00
00
00
00
00
00
00
00
00
04
0e
0f
0e
02
00
00
00
00
00
00
00
00
00
00
00
00
00
00
00
00
00
00
00
00
00
06
0b
0f
0f
0e
04
00
00
00
00
00
00
00
00
00
00
00
00
00
00
00
01
01
01
06
07
09
0d
0f
0f
0f
08
01
00
00
00
00
00
00
00
00
00
00
00
00
00
00
00
00
0f
0f
0f
0f
0f
0f
0f
0b
06
01
00
00
00
00
00
00
00
00
00
00
00
00
00
00
00
00
00
00
00
02
03
04
02
01
00
00
00
00
00
00
00
00
00
00
00
00
00
00
00
00
00
00
00
00
00
00
00
00
00
00
00
00
00
00
00
00
00
00
00
00
00
00
00
00
00
00
00
00
00
00
00
00
00
00
00
00
00
00
00
00
00
00
00
00
00
00
00
00
00
00
00
00
00
00
00
00
00
00
00
00
00
00
00
00
00
00
00
00
00
00
00
00
00
00
00
00
00
00
00
00
00
00
00
00
