00
00
00
00
00
00
00
00
00
00
00
00
00
00
00
00
00
00
00
00
00
00
00
00
00
00
00
00
00
00
00
00
00
00
00
00
00
00
00
00
00
00
00
00
00
00
00
00
00
00
00
00
00
00
00
00
00
00
00
00
00
00
00
00
00
00
00
00
00
00
00
00
00
00
00
00
00
00
00
00
00
00
00
00
00
00
00
00
00
00
00
00
00
00
00
00
00
00
00
00
00
00
00
00
00
00
00
00
00
00
00
00
00
00
00
00
00
00
00
00
00
00
00
00
00
00
00
00
00
00
00
00
00
00
00
00
00
00
00
00
00
00
00
00
00
00
00
07
0d
00
00
00
00
00
00
00
00
00
03
00
00
00
00
00
00
00
00
00
00
00
00
00
00
00
00
0e
0f
00
00
00
00
00
00
00
00
03
0f
05
00
00
00
00
00
00
00
00
00
00
00
00
00
00
00
10
0f
00
00
00
00
00
00
00
00
03
0f
0a
00
00
00
00
00
00
00
00
00
00
00
00
00
00
00
0f
0f
02
00
00
00
00
00
00
00
03
0f
0d
01
00
00
00
00
00
00
00
00
00
00
00
00
00
00
10
0f
06
00
00
00
00
00
00
00
03
0f
0f
03
00
00
00
00
00
00
00
00
00
00
00
00
00
00
0f
0f
06
00
00
00
00
00
00
00
03
0f
0f
03
00
00
00
00
00
00
00
00
00
00
00
00
00
00
0f
0f
06
00
00
00
00
00
00
00
03
0f
0f
03
03
08
00
00
00
00
00
00
00
00
00
00
00
00
0f
0f
03
00
00
00
00
00
00
00
05
0f
0d
03
0c
09
00
00
00
00
00
00
00
00
00
00
00
00
0f
0f
06
00
00
00
00
00
00
00
09
0f
0f
0f
0c
01
00
00
00
00
00
00
00
00
00
00
00
00
0f
0f
06
00
00
00
00
00
00
02
0c
0f
0f
0d
01
00
00
00
00
00
00
00
00
00
00
00
00
00
0c
0f
0f
08
03
03
03
08
0d
0f
0f
0f
0f
03
00
00
00
00
00
00
00
00
00
00
00
00
00
00
03
0e
0f
0f
0f
0f
0f
0f
0f
0f
0f
0f
0d
00
00
00
00
00
00
00
00
00
00
00
00
00
00
00
00
05
0e
0f
0f
0f
0f
0c
08
06
0f
0f
0b
00
00
00
00
00
00
00
00
00
00
00
00
00
00
00
00
00
01
03
03
03
02
00
00
00
0f
0f
06
00
00
00
00
00
00
00
00
00
00
00
00
00
00
00
00
00
00
00
00
00
00
00
00
00
09
0f
0c
00
00
00
00
00
00
00
00
00
00
00
00
00
00
00
00
00
00
00
00
00
00
00
00
00
0e
0f
07
00
00
00
00
00
00
00
00
00
00
00
00
00
00
00
00
00
00
00
00
00
00
00
00
00
10
0f
06
00
00
00
00
00
00
00
00
00
00
00
00
00
00
00
00
00
00
00
00
00
00
00
00
00
0f
0f
06
00
00
00
00
00
00
00
00
00
00
00
00
00
00
00
00
00
00
00
00
00
00
00
00
00
0a
0f
06
00
00
00
00
00
00
00
00
00
00
00
00
00
00
00
00
00
00
00
00
00
00
00
00
00
00
0a
03
00
00
00
00
00
00
00
00
00
00
00
00
00
00
00
00
00
00
00
00
00
00
00
00
00
00
00
00
00
00
00
00
00
00
00
00
00
00
00
00
00
00
00
00
00
00
00
00
00
00
00
00
00
00
00
00
00
00
00
00
00
00
00
00
00
00
00
00
00
00
00
00
00
00
00
00
00
00
00
00
00
00
00
00
00
00
00
00
00
00
00
00
