00
00
00
00
00
00
00
00
00
00
00
00
00
00
00
00
00
00
00
00
00
00
00
00
00
00
00
00
00
00
00
00
00
00
00
00
00
00
00
00
00
00
00
00
00
00
00
00
00
00
00
00
00
00
00
00
00
00
00
00
00
00
00
00
00
00
00
00
00
00
00
00
00
00
00
00
00
00
00
00
00
00
00
00
00
00
00
00
00
00
00
00
00
00
00
00
00
00
00
00
00
00
00
00
00
00
00
00
00
00
00
00
00
00
00
00
00
00
00
02
08
0f
0f
0f
0f
0f
0f
10
0c
08
00
00
00
00
00
00
00
00
00
00
00
00
00
00
00
00
02
0e
0f
0f
0f
0f
0e
08
0b
0d
0e
0f
0c
03
00
00
00
00
00
00
00
00
00
00
00
00
00
00
02
0f
0f
0f
0f
0b
01
00
00
00
02
09
0f
0b
00
00
00
00
00
00
00
00
00
00
00
00
00
00
00
05
0b
0b
04
00
00
00
00
00
00
00
08
0f
09
00
00
00
00
00
00
00
00
00
00
00
00
00
00
00
00
00
00
00
00
00
00
00
00
00
00
0b
0f
05
00
00
00
00
00
00
00
00
00
00
00
00
00
00
00
00
00
00
00
00
00
00
00
00
00
07
0f
0a
00
00
00
00
00
00
00
00
00
00
00
00
00
00
00
00
00
00
00
00
00
00
00
00
00
03
0f
0a
00
00
00
00
00
00
00
00
00
00
00
00
00
00
00
00
00
00
00
00
00
00
00
00
00
03
0f
0a
00
00
00
00
00
00
00
00
00
00
00
00
00
00
00
00
00
00
00
00
00
00
00
00
00
07
0f
0a
00
00
00
00
00
00
00
00
00
00
00
00
00
00
00
00
00
00
00
00
00
00
00
00
00
0a
0f
05
00
00
00
00
00
00
00
00
00
00
00
00
00
00
00
00
00
00
00
00
00
00
00
00
00
0c
0c
00
00
00
00
00
00
00
00
00
00
00
00
00
00
00
00
00
00
00
00
00
00
00
00
00
07
0f
0b
00
00
00
00
00
00
00
00
00
00
00
00
00
00
00
00
00
00
00
00
00
00
00
00
00
0f
0f
05
00
00
00
00
00
00
00
00
00
00
00
00
00
00
00
03
08
01
00
00
00
00
00
00
0b
0f
09
00
00
00
00
00
00
00
00
00
00
00
00
00
00
02
0b
0f
0f
0f
0c
09
07
00
00
07
0f
0e
02
00
00
00
00
00
00
00
00
00
00
00
00
00
01
0b
0f
0d
06
0c
0d
0f
0f
0b
0a
0f
0f
07
00
00
00
00
00
00
00
00
00
00
00
00
00
00
02
0f
0c
00
00
00
00
05
0e
0f
0f
0f
0f
00
00
00
00
00
00
00
00
00
00
00
00
00
00
00
02
0f
0e
06
00
00
02
09
0e
0f
0f
0f
0f
08
01
00
00
00
00
00
00
00
00
00
00
00
00
00
01
0a
0f
0f
0d
0d
0e
0f
0f
0d
03
05
0f
0f
08
00
00
00
00
00
00
00
00
00
00
00
00
00
00
00
03
0e
0f
0f
0f
0e
06
00
00
00
05
0f
0f
07
00
00
00
00
00
00
00
00
00
00
00
00
00
00
00
00
00
00
00
00
00
00
00
00
00
00
00
00
00
00
00
00
00
00
00
00
00
00
00
00
00
00
00
00
00
00
00
00
00
00
00
00
00
00
00
00
00
00
00
00
00
00
00
00
00
00
00
00
00
00
00
00
00
00
00
00
00
00
00
00
00
00
00
00
00
00
00
00
00
00
00
00
00
00
00
00
00
00
00
00
00
00
00
00
00
00
00
00
00
00
00
00
00
00
00
00
00
00
00
