00
00
00
00
00
00
00
00
00
00
00
00
00
00
00
00
00
00
00
00
00
00
00
00
00
00
00
00
00
00
00
00
00
00
00
00
00
00
00
00
00
00
00
00
00
00
00
00
00
00
00
00
00
00
00
00
00
00
00
00
00
00
00
00
00
00
00
00
00
00
00
00
00
00
00
00
00
00
00
00
00
00
00
00
00
00
00
00
00
00
00
00
00
00
00
00
00
00
00
00
00
00
00
00
00
00
00
00
00
00
00
00
00
00
00
00
00
00
00
00
00
00
00
00
00
00
00
00
00
00
00
00
00
00
00
00
00
00
00
00
00
00
00
00
00
00
00
00
00
00
00
00
00
00
00
00
00
00
00
00
00
00
00
00
00
00
00
00
00
00
00
00
00
00
00
00
00
00
00
00
00
00
00
01
08
0c
02
00
00
00
00
00
00
00
00
00
00
00
00
00
00
00
00
00
00
00
00
00
00
02
09
0f
0f
0f
0e
03
04
02
00
00
00
00
00
00
00
00
00
00
00
00
00
00
00
00
00
00
02
0e
0f
0f
0f
0f
0f
0f
0f
0c
00
00
00
00
00
00
00
00
00
00
00
00
00
00
00
00
01
08
0f
0f
0f
0e
0f
0f
0f
0f
0f
0e
00
00
00
00
00
00
00
00
00
00
00
00
00
00
00
00
09
0f
0f
0f
06
04
0c
0f
0f
0f
0e
03
00
00
00
00
00
00
00
00
00
00
00
00
00
00
00
0a
0f
0f
0c
03
07
0d
0f
0f
0f
0f
0b
00
00
00
00
00
00
00
00
00
00
00
00
00
00
00
07
0f
0f
0d
05
0f
0f
0f
0f
0f
0f
0d
01
00
00
00
00
00
00
00
00
00
00
00
00
00
00
00
0e
0f
0f
0f
0f
0f
0e
08
0c
0f
0f
07
00
00
00
00
00
00
00
00
00
00
00
00
00
00
00
00
0c
0f
0f
0f
0e
08
01
02
0f
0f
0c
00
00
00
00
00
00
00
00
00
00
00
00
00
00
00
00
00
01
05
05
02
00
00
00
0a
0f
0f
02
00
00
00
00
00
00
00
00
00
00
00
00
00
00
00
00
00
00
00
00
00
00
00
05
0f
0f
09
00
00
00
00
00
00
00
00
00
00
00
00
00
00
00
00
00
00
00
00
00
00
00
01
0d
0f
0e
00
00
00
00
00
00
00
00
00
00
00
00
00
00
00
00
00
00
00
00
00
00
00
00
0c
0f
0f
06
00
00
00
00
00
00
00
00
00
00
00
00
00
00
00
00
00
00
00
00
00
00
00
02
0f
0f
0b
00
00
00
00
00
00
00
00
00
00
00
00
00
00
00
00
00
00
00
00
00
00
00
01
0d
0f
0e
01
00
00
00
00
00
00
00
00
00
00
00
00
00
00
00
00
00
00
00
00
00
00
00
04
0f
10
07
00
00
00
00
00
00
00
00
00
00
00
00
00
00
00
00
00
00
00
00
00
00
00
03
0e
0f
0f
03
00
00
00
00
00
00
00
00
00
00
00
00
00
00
00
00
00
00
00
00
00
00
00
0b
0f
0f
0e
02
00
00
00
00
00
00
00
00
00
00
00
00
00
00
00
00
00
00
00
00
00
00
07
0f
0f
0e
03
00
00
00
00
00
00
00
00
00
00
00
00
00
00
00
00
00
00
00
00
00
00
00
06
0e
07
01
00
00
00
00
00
00
00
00
00
00
00
00
00
00
00
00
00
00
00
00
00
00
00
00
00
00
00
00
00
00
00
00
00
00
00
00
00
00
00
00
00
00
00
00
00
00
00
00
00
00
00
00
00
00
00
00
00
00
00
00
00
00
00
00
00
00
00
00
00
00
00
