00
00
00
00
00
00
00
00
00
00
00
00
00
00
00
00
00
00
00
00
00
00
00
00
00
00
00
00
00
00
00
00
00
00
00
00
00
00
00
00
00
00
00
00
00
00
00
00
00
00
00
00
00
00
00
00
00
00
00
00
00
00
00
00
00
04
0a
0e
10
0b
03
00
00
00
00
00
00
00
00
00
00
00
00
00
00
00
00
00
00
00
00
00
00
0d
05
04
04
0b
0f
07
00
00
00
00
00
00
00
00
00
00
00
00
00
00
00
00
00
00
00
00
00
05
00
00
00
00
07
0f
06
00
00
00
00
00
00
00
00
00
00
00
00
00
00
00
00
00
00
00
00
00
00
00
00
00
00
07
0d
01
00
00
00
00
00
00
00
00
00
00
00
00
00
00
00
00
00
00
00
00
00
00
00
00
00
01
0d
0a
00
00
00
00
00
00
00
00
00
00
00
00
00
00
00
00
00
00
00
00
00
00
00
00
00
00
04
0d
00
00
00
00
00
00
00
00
00
00
00
00
00
00
00
00
00
00
00
00
00
00
00
00
00
00
02
0f
05
00
00
00
00
00
00
00
00
00
00
00
00
00
00
00
00
00
00
00
00
00
00
00
00
00
00
0b
0a
00
00
00
00
00
00
00
00
00
00
00
00
00
00
00
00
00
00
00
00
00
00
00
00
00
00
0d
0a
00
00
00
00
00
00
00
00
00
00
00
00
00
00
00
00
00
00
00
00
00
00
00
00
00
00
0f
0a
00
00
00
00
00
00
00
00
00
00
00
00
00
00
00
00
00
00
00
00
00
00
00
00
00
04
0f
06
00
00
00
00
00
00
00
00
00
00
00
00
00
00
00
00
00
00
00
00
00
00
00
00
00
04
0f
02
00
00
00
00
00
00
00
00
00
00
00
00
00
00
00
00
00
00
00
04
04
06
01
00
00
0a
0b
00
00
00
00
00
00
00
00
00
00
00
00
00
00
00
00
00
00
01
09
0f
0f
0f
0f
07
03
0f
05
00
00
00
00
00
00
00
00
00
00
00
00
00
00
00
00
00
00
0b
0d
02
00
00
07
0f
0f
0c
00
00
00
00
00
00
00
00
00
00
00
00
00
00
00
00
00
00
01
0f
06
00
00
00
00
05
0f
0d
01
00
00
00
00
00
00
00
00
00
00
00
00
00
00
00
00
00
03
0f
02
00
00
00
04
0f
0d
0e
0c
01
00
00
00
00
00
00
00
00
00
00
00
00
00
00
00
00
02
0f
03
00
03
05
0f
0d
01
02
0e
0c
03
00
00
00
00
00
00
00
00
00
00
00
00
00
00
00
00
0c
0f
0e
0f
0f
0a
01
00
00
02
08
0f
0b
04
02
00
00
00
00
00
00
00
00
00
00
00
00
00
01
08
0a
05
00
00
00
00
00
00
00
06
0d
0f
03
00
00
00
00
00
00
00
00
00
00
00
00
00
00
00
00
00
00
00
00
00
00
00
00
00
00
00
00
00
00
00
00
00
00
00
00
00
00
00
00
00
00
00
00
00
00
00
00
00
00
00
00
00
00
00
00
00
00
00
00
00
00
00
00
00
00
00
00
00
00
00
00
00
00
00
00
00
00
00
00
00
00
00
00
00
00
00
00
00
00
00
00
00
00
00
00
00
00
00
00
00
00
00
00
00
00
00
00
00
00
00
00
00
00
00
00
00
00
00
00
00
00
00
00
00
00
00
00
00
00
00
00
00
00
00
00
00
00
00
00
00
00
00
00
00
00
00
00
00
00
00
00
00
00
00
00
00
00
00
00
00
00
00
00
00
00
00
00
00
00
00
00
00
