00
00
00
00
00
00
00
00
00
00
00
00
00
00
00
00
00
00
00
00
00
00
00
00
00
00
00
00
00
00
00
00
00
00
00
00
00
00
00
00
00
00
00
00
00
00
00
00
00
00
00
00
00
00
00
00
00
00
00
00
00
00
00
00
00
00
00
00
00
00
00
00
00
00
00
00
00
00
00
00
00
00
00
00
00
00
00
00
00
00
00
00
00
00
00
00
00
00
00
00
00
00
00
00
00
00
00
00
00
00
00
00
00
00
00
00
00
00
00
00
00
00
00
00
00
00
00
00
00
00
00
00
00
00
00
00
00
00
00
00
00
00
00
00
00
00
00
00
00
00
00
00
00
00
00
00
00
00
00
00
00
00
00
00
00
00
00
00
00
00
00
00
01
03
03
08
0d
0d
0d
0d
0d
0d
0d
0a
03
02
00
00
00
00
00
00
00
00
00
00
00
00
00
00
0c
0f
0f
0f
0f
0f
0f
0f
0f
0f
0f
0f
0f
0d
01
00
00
00
00
00
00
00
00
00
00
00
00
00
0f
0f
0f
0f
0f
0f
0f
0f
0f
0f
0f
0f
0f
0f
0b
00
00
00
00
00
00
00
00
00
00
00
00
00
05
0b
0b
0b
0b
0b
06
01
01
01
05
0f
0f
0f
0b
00
00
00
00
00
00
00
00
00
00
00
00
00
00
00
00
00
00
00
00
00
00
00
05
0f
0f
0f
0a
00
00
00
00
00
00
00
00
00
00
00
00
00
00
00
00
00
00
00
00
00
01
08
0f
0f
0f
0f
01
00
00
00
00
00
00
00
00
00
00
00
00
00
00
00
00
00
01
05
05
0e
0f
0f
0f
0f
0f
0f
06
05
00
00
00
00
00
00
00
00
00
00
00
00
00
00
00
05
0d
0f
0f
0f
0f
0f
0f
0f
0f
0f
0f
0f
07
02
00
00
00
00
00
00
00
00
00
00
00
00
00
07
0f
0f
0f
0f
0f
0f
0f
0f
0f
0f
0f
0f
0f
0f
09
00
00
00
00
00
00
00
00
00
00
00
00
07
0f
0f
0f
09
07
00
00
00
00
04
09
0e
0f
10
0f
06
00
00
00
00
00
00
00
00
00
00
00
01
02
02
02
00
00
00
00
00
00
00
00
03
0e
0f
0f
08
00
00
00
00
00
00
00
00
00
00
00
00
00
00
00
00
00
00
00
00
00
00
00
00
03
0f
0f
0f
00
00
00
00
00
00
00
00
00
00
00
00
00
04
00
00
00
00
00
00
00
00
00
00
04
0f
0f
0b
00
00
00
00
00
00
00
00
00
00
00
00
04
0f
09
00
00
00
00
00
00
00
00
04
0f
0f
0f
06
00
00
00
00
00
00
00
00
00
00
00
00
04
0f
0f
0b
0b
0b
07
04
0b
0b
0b
0e
0f
0f
0c
01
00
00
00
00
00
00
00
00
00
00
00
00
02
0d
0f
0f
0f
0f
0f
0f
0f
0f
0f
0f
0f
0a
00
00
00
00
00
00
00
00
00
00
00
00
00
00
00
00
05
0a
0b
0c
10
0f
0f
0f
0e
0a
0a
01
00
00
00
00
00
00
00
00
00
00
00
00
00
00
00
00
00
00
00
01
03
05
06
03
02
00
00
00
00
00
00
00
00
00
00
00
00
00
00
00
00
00
00
00
00
00
00
00
00
00
00
00
00
00
00
00
00
00
00
00
00
00
00
00
00
00
00
00
00
00
00
00
00
00
00
00
00
00
00
00
00
00
00
00
00
00
00
00
00
00
00
00
00
00
00
00
00
00
00
00
00
00
00
00
00
00
00
00
00
00
00
00
00
00
00
00
00
00
00
00
00
00
00
00
00
00
00
00
00
00
00
00
00
00
00
00
00
00
00
00
00
00
00
00
00
00
