00
00
00
00
00
00
00
00
00
00
00
00
00
00
00
00
00
00
00
00
00
00
00
00
00
00
00
00
00
00
00
00
00
00
00
00
00
00
00
00
00
00
00
00
00
00
00
00
00
00
00
00
00
00
00
00
00
00
00
00
00
00
00
00
00
00
00
00
00
00
00
00
00
00
00
00
00
00
00
00
00
00
00
00
00
00
00
00
00
00
00
00
00
00
00
00
00
00
00
01
09
0f
0f
08
00
00
00
00
00
00
00
00
00
00
00
00
00
00
00
00
00
00
00
00
00
00
05
0f
0f
0c
0d
0f
09
00
00
00
00
00
00
00
00
00
00
00
00
00
00
00
00
00
00
00
01
0a
0f
0f
02
00
01
0b
0f
06
00
00
00
00
00
00
00
00
00
00
00
00
00
00
00
00
00
00
09
0f
0c
02
00
00
00
03
0e
07
00
00
00
00
00
00
00
00
00
00
00
00
00
00
00
00
00
04
0f
0f
01
00
00
00
00
00
00
00
00
00
00
00
00
00
00
00
00
00
00
00
00
00
00
00
01
0d
0f
04
00
00
00
00
00
00
00
00
00
00
00
00
00
00
00
00
00
00
00
00
00
00
00
01
0d
0f
09
00
00
00
00
00
00
00
00
00
00
00
00
00
00
00
00
00
00
00
00
00
00
00
00
08
0f
0e
01
00
00
00
00
00
00
00
00
00
00
00
00
00
00
00
00
00
00
00
00
00
00
00
01
0e
0f
05
00
00
00
00
00
00
00
00
00
00
00
00
00
00
00
00
00
00
00
00
00
00
00
00
06
0f
0c
00
00
00
00
00
00
00
00
00
00
00
00
00
00
00
00
00
00
00
00
00
00
00
00
00
08
0f
0b
00
00
00
00
00
00
00
00
00
00
00
00
00
00
00
00
00
00
00
00
00
00
00
00
00
07
0f
08
00
00
00
00
00
00
00
00
00
00
00
00
00
00
00
00
00
00
00
00
00
00
00
00
00
09
0f
05
00
00
00
00
00
00
00
00
00
00
00
00
00
00
00
00
00
00
00
00
00
00
00
00
01
0e
0f
08
00
00
00
00
00
01
01
01
00
00
00
00
00
00
00
00
00
00
00
00
00
00
00
00
01
0e
0f
0b
00
00
02
07
0e
0f
0f
0f
0e
04
00
00
00
00
00
00
00
00
00
00
00
00
00
00
00
08
0f
0c
00
09
0f
0f
10
0b
0b
0f
0f
0c
00
00
00
00
00
00
00
00
00
00
00
00
00
00
00
05
0f
0f
0e
0f
0d
06
01
00
00
0c
0f
0f
01
00
00
00
00
00
00
00
00
00
00
00
00
00
00
00
09
0f
0f
0f
07
00
00
00
03
0e
0f
09
00
00
00
00
00
00
00
00
00
00
00
00
00
00
00
00
01
0d
0f
0f
0f
0c
0c
0d
0f
0f
0a
01
00
00
00
00
00
00
00
00
00
00
00
00
00
00
00
00
00
01
07
0a
0f
0f
0f
0f
0c
05
00
00
00
00
00
00
00
00
00
00
00
00
00
00
00
00
00
00
00
00
00
00
00
00
00
00
00
00
00
00
00
00
00
00
00
00
00
00
00
00
00
00
00
00
00
00
00
00
00
00
00
00
00
00
00
00
00
00
00
00
00
00
00
00
00
00
00
00
00
00
00
00
00
00
00
00
00
00
00
00
00
00
00
00
00
00
00
00
00
00
00
00
00
00
00
00
00
00
00
00
00
00
00
00
00
00
00
00
00
00
00
00
00
00
00
00
00
00
00
00
00
00
00
00
00
00
00
00
00
00
00
00
00
00
00
00
00
00
00
00
00
00
00
00
00
00
00
00
00
