00
00
00
00
00
00
00
00
00
00
00
00
00
00
00
00
00
00
00
00
00
00
00
00
00
00
00
00
00
00
00
00
00
00
00
00
00
00
00
00
00
00
00
00
00
00
00
00
00
00
00
00
00
00
00
00
00
00
00
00
00
00
00
00
00
00
00
00
00
00
00
00
00
00
00
00
00
00
00
00
00
00
00
00
00
00
00
00
00
00
00
00
00
00
00
00
00
00
00
00
00
00
00
00
00
00
00
00
00
00
00
00
00
00
00
00
00
00
00
00
00
00
00
00
00
09
0f
0c
01
00
00
00
00
00
00
00
00
00
00
00
00
00
00
00
00
00
00
00
00
00
00
00
02
0f
0f
0f
06
00
00
00
00
00
00
00
00
00
00
00
00
00
00
00
00
00
00
00
00
00
00
01
0c
0f
0f
0f
06
00
00
00
00
00
00
00
00
00
00
00
00
00
00
00
00
00
00
00
00
00
06
0b
0f
0f
0f
0f
0a
06
03
00
00
00
00
00
00
00
00
00
00
00
00
00
00
00
00
00
00
00
0f
0f
0f
0f
0f
0f
0f
0f
0d
03
00
00
00
00
00
00
00
00
00
00
00
00
00
00
00
00
00
0b
10
0f
0f
0f
0f
0e
0d
0f
0f
0f
00
00
00
00
00
00
00
00
00
00
00
00
00
00
00
00
03
0d
0f
0f
0f
0f
09
04
03
08
0f
0f
06
00
00
00
00
00
00
00
00
00
00
00
00
00
00
02
0e
0f
0f
0f
0d
08
00
00
00
01
0e
0f
0f
07
00
00
00
00
00
00
00
00
00
00
00
00
00
02
0f
0f
0f
0b
01
00
00
00
00
00
06
0f
0f
0f
02
00
00
00
00
00
00
00
00
00
00
00
00
02
0f
0f
0c
01
00
00
00
00
00
00
01
0c
0f
0f
02
00
00
00
00
00
00
00
00
00
00
00
00
02
0f
0f
00
00
00
00
00
00
00
00
02
0c
10
0f
0a
00
00
00
00
00
00
00
00
00
00
00
00
08
0f
0f
00
00
00
00
00
00
00
00
06
0f
0f
0f
02
00
00
00
00
00
00
00
00
00
00
00
00
0d
0f
0f
00
00
00
00
00
00
01
03
0e
0f
0f
0e
01
00
00
00
00
00
00
00
00
00
00
00
00
0d
0f
0f
00
00
00
00
00
00
09
0f
0f
0f
0d
03
00
00
00
00
00
00
00
00
00
00
00
00
00
0d
0f
0f
00
00
00
00
00
0b
0d
0f
0f
0f
0b
00
00
00
00
00
00
00
00
00
00
00
00
00
00
0d
0f
0f
04
04
0e
0f
0f
10
0f
0f
0f
0f
00
00
00
00
00
00
00
00
00
00
00
00
00
00
00
07
0f
0f
0f
0f
0f
0f
0f
0f
0f
0f
0f
09
00
00
00
00
00
00
00
00
00
00
00
00
00
00
00
01
0e
0f
0f
0f
0f
0f
0f
0f
0e
0b
02
00
00
00
00
00
00
00
00
00
00
00
00
00
00
00
00
00
03
08
0f
0f
0f
0f
0f
0f
06
00
00
00
00
00
00
00
00
00
00
00
00
00
00
00
00
00
00
00
00
00
04
0a
0f
0a
04
04
01
00
00
00
00
00
00
00
00
00
00
00
00
00
00
00
00
00
00
00
00
00
00
00
00
00
00
00
00
00
00
00
00
00
00
00
00
00
00
00
00
00
00
00
00
00
00
00
00
00
00
00
00
00
00
00
00
00
00
00
00
00
00
00
00
00
00
00
00
00
00
00
00
00
00
00
00
00
00
00
00
00
00
00
00
00
00
00
00
00
00
00
00
00
00
00
00
00
00
00
00
00
00
00
00
00
00
00
00
00
00
00
00
00
00
00
00
00
00
00
00
00
00
00
