00
00
00
00
00
00
00
00
00
00
00
00
00
00
00
00
00
00
00
00
00
00
00
00
00
00
00
00
00
00
00
00
00
00
00
00
00
00
00
00
00
00
00
00
00
00
00
00
00
00
00
00
00
00
00
00
00
00
00
00
00
00
00
00
00
00
00
00
00
00
00
00
00
00
00
00
00
00
00
00
00
00
00
00
00
00
00
00
00
00
00
00
00
00
00
00
00
00
00
00
00
00
00
00
00
00
00
00
00
00
00
00
00
00
00
00
00
00
00
02
09
09
03
00
00
00
00
00
00
00
00
00
00
00
00
00
00
00
00
00
00
00
00
00
00
00
08
0f
0f
0f
0f
0a
01
00
00
00
00
00
00
00
00
00
00
00
00
00
00
00
00
00
00
00
00
08
0f
0f
0f
0f
0f
0f
0e
04
00
00
00
00
00
00
00
00
00
00
00
00
00
00
00
00
00
00
00
06
0f
0f
09
06
06
0e
0f
0f
08
00
00
00
00
00
00
00
00
00
00
00
00
00
00
00
00
00
00
0b
0f
0a
00
00
00
03
0e
0f
0f
0a
00
00
00
00
00
00
00
00
00
00
00
00
00
00
00
00
00
10
0f
02
00
00
00
00
03
0c
0f
0f
0a
00
00
00
00
00
00
00
00
00
00
00
00
00
00
00
00
0b
0f
02
00
00
00
00
00
03
0e
0f
0f
05
00
00
00
00
00
00
00
00
00
00
00
00
00
00
00
09
0f
02
00
06
0b
05
05
05
09
0f
0f
07
00
00
00
00
00
00
00
00
00
00
00
00
00
00
00
05
0f
04
02
0f
0f
0f
0f
0f
0f
0f
0f
0d
05
00
00
00
00
00
00
00
00
00
00
00
00
00
00
00
05
00
02
0f
0f
0f
0f
0f
0f
0f
0f
0f
0f
0f
05
00
00
00
00
00
00
00
00
00
00
00
00
00
00
00
00
04
0a
0b
0f
0f
0f
0f
0f
0f
0f
0f
0f
0d
02
00
00
00
00
00
00
00
00
00
00
00
00
00
00
00
00
00
01
01
02
02
01
01
09
0f
0f
0f
0b
03
00
00
00
00
00
00
00
00
00
00
00
00
00
01
03
00
00
00
00
00
00
00
00
03
0d
0f
0f
0b
00
00
00
00
00
00
00
00
00
00
00
00
04
0d
0f
04
00
00
00
00
00
00
00
00
00
0d
0f
0f
04
00
00
00
00
00
00
00
00
00
00
00
05
0f
0f
0f
03
00
00
00
00
00
00
00
00
03
0f
0f
0b
00
00
00
00
00
00
00
00
00
00
00
00
07
0f
0f
03
00
00
00
00
00
00
00
00
06
0f
0f
09
00
00
00
00
00
00
00
00
00
00
00
00
00
0b
0f
0d
09
02
00
00
00
00
06
0d
0f
0f
0f
09
00
00
00
00
00
00
00
00
00
00
00
00
00
00
0d
0f
0f
0f
0f
0f
0f
0f
0f
0f
0f
0f
0c
01
00
00
00
00
00
00
00
00
00
00
00
00
00
00
00
05
0b
0e
0f
0f
0f
0f
0f
0f
0c
07
01
00
00
00
00
00
00
00
00
00
00
00
00
00
00
00
00
00
00
01
02
08
04
07
05
02
00
00
00
00
00
00
00
00
00
00
00
00
00
00
00
00
00
00
00
00
00
00
00
00
00
00
00
00
00
00
00
00
00
00
00
00
00
00
00
00
00
00
00
00
00
00
00
00
00
00
00
00
00
00
00
00
00
00
00
00
00
00
00
00
00
00
00
00
00
00
00
00
00
00
00
00
00
00
00
00
00
00
00
00
00
00
00
00
00
00
00
00
00
00
00
00
00
00
00
00
00
00
00
00
00
00
00
00
00
00
00
00
00
00
00
00
00
00
00
