-0.23855385
0.29057452
0.0019462907
-0.21236937
0.12532744
0.19247507
-0.31831983
0.033587024
0.18161437
0.09757183
0.16180885
0.36544928
-0.34441447
-0.25930026
-0.15467839
-0.1540779
-0.022265445
-0.26710203
0.31851488
0.37872234
-0.016458884
0.1683498
0.25344715
0.04552283
-0.0030657705
0.20738614
0.14249921
-0.14897788
0.030989144
-0.11171142
0.26741725
0.31146237
0.3887183
0.0069241864
0.32638437
0.18671094
-0.16316435
-0.40621564
-0.41581044
0.078770995
-0.056995388
0.018659275
0.3792146
0.27998212
0.30319074
-0.015080342
0.17928733
0.08728968
-0.021851994
0.16070303
-0.31363496
0.15750314
0.18682522
-0.45587045
-0.091622
-0.13423435
0.51936257
-0.1671882
-0.16703369
0.264275
-0.32381222
-0.14197469
0.23530853
0.10259288
0.29349557
-0.077439114
0.30152732
0.027786195
0.040886346
0.47604367
0.2990337
0.26660743
0.31413502
0.15087332
-0.43790007
0.28259742
-0.049741097
-0.39975104
0.11519667
0.077948414
-0.06869287
0.40548164
0.46878213
-0.0297552
0.22495085
-0.079677254
-0.3149374
-0.32602257
-0.39382976
-0.41984758
0.123258926
0.054495968
-0.14318079
0.32302606
-0.030293554
-0.40997407
0.42247915
-0.060638625
-0.37553418
0.052123506
0.24785237
0.30892593
0.14037746
-0.10824082
-0.04371492
-0.3192323
-0.1888991
-0.32994494
-0.28262198
-0.13859189
0.08460597
-0.18742289
0.07495879
0.16459984
0.3368037
0.33752665
0.043699022
-0.17555502
0.113619044
0.44968265
-0.3739175
-0.0120671885
0.32948253
-0.48902738
-0.00516937
0.1489778
0.30031592
-0.07108215
-0.34440315
0.054518063
0.31855795
-0.4364687
0.01437001
0.41827545
-0.20165402
-0.112386174
-0.093596116
-0.018880557
-0.14196846
0.016147774
-0.015106257
-0.1209626
-0.081512675
-0.065328926
