-0.1378675
-0.07728764
0.13980857
-0.1252059
0.08868751
0.044911623
0.0012080113
-0.03670555
-0.12316142
-0.03560905
-0.14205925
0.1337728
-0.13089241
-0.09604583
-0.0017529735
-0.12977989
0.1228462
0.049500734
0.02731761
0.049646113
0.049231403
0.019262867
-0.06568349
0.08521189
-0.28025717
0.10118948
-0.008594792
0.11196395
-0.11969698
0.13418767
-0.17120066
-0.008350262
-0.02474086
-0.106865086
-0.018109346
0.07601232
-0.011576413
-0.12876265
0.028058903
-0.22004183
0.015150538
0.016110064
-0.05503372
0.13235205
0.17869177
0.2344652
-0.14037378
-0.11213047
0.06782494
-0.2070586
0.073264316
-0.19049886
-0.009724176
0.06287997
0.019658318
0.1608001
0.0976467
-0.0011273341
0.081001654
-0.05929346
0.12862091
0.038927604
-0.1610268
0.102860965
-0.20891993
0.009848967
0.05944605
-0.019629223
-0.028218301
-0.104117975
0.019256921
0.13326292
0.09695871
0.072807595
-0.15495196
0.1949159
-0.029790996
-0.020471571
0.0023591665
-0.07450371
0.06296706
0.20126939
0.070555806
-0.18433125
0.33448267
-0.2583547
0.016722573
-0.10811319
0.17948484
0.18305562
0.2770887
-0.039726354
-0.2101322
0.14650878
-0.15908925
0.09369909
0.02953875
-0.10190418
-0.06924126
0.006041812
-0.046348136
0.06277359
0.14105323
0.011349756
0.05066179
-0.08698568
0.11068959
-0.01545312
0.19328745
-0.03953961
0.033623066
-0.045689803
0.04463213
-0.101472214
-0.18528
0.011209537
0.16434759
-0.21839637
0.051501192
0.11165202
-0.18109518
0.15014623
-0.120112665
-0.07402382
-0.0018607723
-0.24711598
0.007518133
-0.068125375
-0.11924564
0.059006035
-0.14110868
0.0466088
-0.22475289
-0.17902242
-0.0054461323
-0.010508922
0.0581569
0.09967177
-0.09576745
-0.009654398
-0.027668625
0.09808056
-0.07005726
0.07852846
0.0030630974
0.03293205
0.024401983
-0.21146493
0.087666504
0.08888739
-0.098831825
0.08592405
0.088572495
0.025836527
-0.09272598
-0.061999444
-0.037689783
0.03643231
-0.051981036
-0.026319012
0.10740633
0.2013827
-0.09378453
0.0011544424
0.038041797
-0.06451131
0.04563239
0.20896432
0.102858305
-0.09917871
0.121543586
-0.028436832
0.1122385
0.113969624
-0.14764526
-0.023792801
0.15460823
-0.12843789
-0.28971463
-0.042992156
-0.122014716
-0.12979104
-0.123815194
-0.08412249
-0.2119392
-0.035240654
0.099072896
-0.12218187
-0.23423824
0.11036054
-0.04180282
0.09101979
0.080267936
-0.17796953
-0.061774682
-0.004672181
-0.11065452
-0.019651677
0.1353137
0.11072045
-0.031249963
0.10455854
0.18291132
-0.16792579
-0.09165299
0.09055839
-0.004557381
-0.12381859
-0.013165146
0.029242715
-0.048481338
-0.14627576
0.08509165
0.10197045
-0.2627863
-0.04316323
-0.040804546
-0.12747183
-0.004890556
0.19783558
-0.18247649
-0.06878988
0.16395493
-0.18522069
-0.21400478
0.018699724
-0.10948326
0.041650742
-0.14874277
-0.14128985
0.053951543
0.006908859
0.0055226027
-0.10398775
0.2197964
-0.06658441
0.0894347
0.256769
-0.15481782
-0.05264661
0.14284839
0.017578682
-0.22867228
0.050917502
-0.10982844
-0.083240464
-0.09905555
-0.03152907
0.18261491
-0.011478329
0.007835282
0.2580239
-0.1357455
0.07426089
0.119412564
-0.090487644
-0.16580404
-0.013901049
-0.11831464
-0.25686494
-0.17625158
-0.061385
0.16454868
-0.052690126
-0.014613678
0.27067965
0.08942022
-0.16729097
0.049797818
0.13326883
0.009063935
-0.091120556
0.012932496
0.27875707
-0.1486272
0.011751748
0.15198009
-0.18129292
0.060657352
-0.00841003
-0.022516118
0.09474592
-0.085406974
0.035605937
0.03857659
0.018056165
-0.022483246
-0.035214804
-0.14903848
0.008898242
0.03984677
0.104446866
0.122569785
-0.02161327
0.039976366
0.05215504
-0.12038976
0.10957518
0.13656685
-0.011525011
0.07119812
-0.02172364
-0.23251992
0.08608765
0.050513405
-0.05019544
-0.14629714
-0.056513753
0.054485448
-0.10575642
0.02055282
0.06602643
-0.030170573
0.12865387
0.12458019
-0.15791251
-0.049794998
0.0056037623
0.02144892
0.113359936
0.04687027
0.17142391
0.10216126
-0.16367453
0.030091519
0.05440404
-0.06367408
0.22716367
0.22674169
0.014666662
0.12676312
-0.08413897
-0.15903191
-0.08579254
-0.10842749
-0.09448574
-0.04499374
-0.0134387445
0.0057079326
0.117446795
0.03587061
0.16381602
0.031972338
-0.096437946
0.10635456
-0.015681818
-0.16823868
-0.13614066
-0.22842735
-0.032132488
-0.1879901
-0.19444056
-0.070247
-0.004094686
0.1575638
0.1011496
0.14233047
-0.032549076
-0.07940384
-0.087971136
-0.076908484
0.03143909
-0.07758916
-0.14120989
-0.13304333
-0.00835301
-0.21828966
0.047927633
0.05580865
0.08634064
0.10453875
-0.20699215
-0.13675739
-0.0342107
-0.0695316
0.069701746
0.13337214
0.17182279
-0.08100621
-0.045146685
-0.0713557
-0.24383344
-0.0070260135
-0.12302425
-0.10115585
-0.087313674
-0.0354259
0.07368069
-0.020781541
-0.033607304
-0.044192318
-0.1042709
-0.05757414
0.030662278
0.11066858
0.11942037
-0.09228515
-0.13412142
-0.080605574
0.050764974
0.04523977
0.19373722
0.13045742
-0.0860581
-0.12923391
-0.048156668
-0.15220967
0.22813344
-0.20738249
-0.18445386
-0.05581415
-0.26614618
-0.12615798
-0.27150187
0.10344929
-0.14076254
-0.050721984
-0.071723774
-0.054721646
-0.08546707
-0.14396279
0.02513999
0.0013281617
0.046352588
0.015552933
-0.03635799
0.002835632
-0.0061945403
0.09142287
0.103667155
-0.07589815
0.011749199
0.11328047
-0.10857686
-0.32377183
0.0746687
-0.066978276
0.14026603
-0.0054223184
0.008464751
0.20473367
-0.16427438
0.0677943
0.06369373
-0.08860284
-0.031410757
0.055151246
-0.20331645
-0.046187237
0.045278322
-0.034200594
-0.12994282
-0.06672163
0.07066949
0.013035396
0.015079518
0.064598
-0.15563244
-0.012415068
-0.08582438
-0.038177602
-0.040584054
0.03926044
-0.13691156
0.11738183
0.04086615
-0.14594632
0.15114127
0.024350192
0.09835536
0.15450345
0.033400625
-0.15227856
0.18823117
-0.15047614
-0.038627226
0.077994406
0.06622551
0.07856225
-0.06182309
0.23704697
0.076411106
-0.013837076
0.00051861897
0.10303539
0.1596044
0.2299992
0.07373475
-0.16574402
-0.037914466
-0.12611593
0.084422514
-0.08831024
0.08655262
0.05518618
-0.082507595
0.03832593
-0.17745976
0.05801377
-0.050359454
-0.07000461
-0.00012382967
0.0041408115
-0.07364875
-0.16038416
0.004323908
-0.0012955305
-0.09132163
-0.072188534
-0.21444081
0.20903939
0.19048756
-0.1329615
-0.017761094
0.06265543
-0.19997333
0.049209584
0.15900461
0.017464394
-0.12750526
-0.10309137
0.070915855
0.05878177
0.0084531875
0.025448486
0.20128137
0.04023613
-0.1949104
0.24132924
0.15159035
-0.06792924
-0.12927487
0.06914275
0.026531184
-0.013521305
0.16303796
0.0377941
-0.1702033
0.0016234007
0.087487064
0.13475627
0.09323012
0.01993274
0.2238485
0.055180248
0.13008791
0.09350282
-0.025818996
-0.052584734
0.11611362
0.07422002
-0.19432499
-0.02933782
0.054135576
-0.017193366
0.08538254
-0.037952315
0.1641966
-0.23644532
0.06378221
-0.007160614
-0.029721051
-0.17777517
0.09479903
0.21641567
0.17799677
0.036321912
0.012056171
0.07499712
-0.06064519
-0.10068116
-0.068869494
0.0712338
0.015687497
-0.04424475
0.01293551
0.08264642
0.13187364
-0.08330198
0.03706771
-0.0954098
-0.23109299
-0.007966846
-0.19241329
-0.21604589
-0.10641771
-0.10082267
-0.22395693
0.07148044
0.025214879
-0.051534384
-0.043418538
-0.095649086
-0.16414125
0.0074779983
-0.12670244
-0.013044835
0.0044749603
-0.12063009
0.12134074
0.094478376
0.08658924
-0.14970738
-0.10975653
0.045248214
0.15467817
0.03463827
0.13332295
0.115612105
0.098636456
0.081721134
-0.055080682
-0.026900463
0.15746105
0.1274996
0.14895588
0.034702003
-0.012483315
0.07435553
-0.057929847
-0.28516498
0.14147602
0.104314566
0.014247119
-0.12011038
-0.01127151
0.12066045
-0.019550651
0.13116679
-0.1377038
-0.16673538
-0.025118822
0.09517679
-0.13688426
-0.1684417
-0.29904735
-0.22957833
-0.34120718
-0.14293015
0.047345124
-0.16168062
-0.022991417
-0.01889661
-0.0076198415
0.028647022
0.018496452
-0.024026487
-0.19593608
0.19905393
-0.053696003
-0.028172094
0.053110573
-0.053670578
0.23008916
-0.09776514
0.017233808
0.042027324
-0.25635976
-0.0021592362
0.2081841
-0.063742265
0.18951207
0.2544393
0.15700936
0.12429207
0.1254007
0.19977069
-0.10024489
-0.058069713
-0.17445807
-0.02515324
0.10761825
-0.10466124
-0.042206977
-0.215897
-0.27881613
-0.14393827
0.14144386
-0.04940666
0.17738359
0.101067856
-0.04287522
0.016008426
-0.06101411
-0.10415209
0.09934784
0.22397327
-0.07375633
0.14134039
0.018069651
0.07729687
0.06411363
-0.23092525
-0.12031799
-0.16772655
0.037653334
-0.20731401
-0.19585386
-0.29278997
-0.24426442
-0.3599609
-0.29744202
0.17601298
-0.042508967
-0.20252691
-0.08780027
-0.0030425913
-0.093512304
-0.0010938991
-0.025343847
-0.041879665
-0.100603335
-0.046313845
-0.07100707
-0.09929825
0.020860177
-0.034747884
0.09184484
0.10108848
0.00012127882
0.06822473
-0.05433152
0.057902187
-0.045207612
-0.19059189
0.10544123
-0.0015011183
0.010719093
0.00867618
-0.12398103
0.058155686
-0.05838475
-0.048532855
-0.10202733
0.06506836
-0.0746781
0.057241578
0.019186473
0.16133393
-0.052584995
0.13308822
0.08120816
0.09034867
0.086734116
0.1665978
-0.025099035
-0.092546195
0.12638548
-0.0995379
0.08928565
0.11670936
-0.050013915
0.0056256107
0.12771516
-0.13872308
-0.058625337
-0.14297429
-0.1158385
-0.13763876
-0.24711412
-0.4258073
-0.21718422
-0.30377218
-0.24488738
-0.13055782
-0.11934312
0.017841179
-0.055279493
0.116506144
0.051136076
0.02081324
0.026274132
-0.14157943
0.06569908
-0.060008094
-0.11622185
0.08373406
-0.20557937
-0.07934874
0.09705081
-0.08728052
0.010443828
-0.04803184
0.10916546
0.070582226
0.1133453
0.028107325
0.05205988
-0.004843427
0.15056328
-0.1431825
0.024123985
-0.12520258
0.008874923
-0.2272325
-0.09176618
0.045424573
-0.074686095
-0.06265492
0.0798819
-0.0011505139
0.07494453
-0.045166686
-0.10370992
-0.06893362
-0.11206572
0.0313896
0.09711138
0.11942662
-0.073047824
0.03720966
0.075685106
-0.19553737
-0.03609348
-0.0030884172
-0.1496849
0.11249864
0.068012275
-0.049533967
0.018281037
-0.14399225
-0.093820445
-0.1993566
-0.10933061
-0.011161716
-0.0800278
-0.090986215
0.16598408
0.09955185
-0.044276804
0.04787448
0.0075724744
-0.12620406
-0.0010179849
0.024715401
-0.11480066
0.036250543
-0.081598364
-0.28655937
0.21505381
-0.23396139
-0.26186717
0.20753309
-0.30643582
-0.060881864
0.07850641
-0.010943311
-0.04626468
-0.16399133
0.027139466
0.09949304
-0.05610237
0.0936074
0.005232582
-0.092529856
-0.013080374
-0.07299172
-0.03750572
-0.041096624
0.0028617694
0.0823315
0.019914184
-0.058874354
0.08865053
0.07050839
0.00994706
0.092280954
0.047207195
0.06846773
0.13746686
0.08269949
0.14744367
-0.14002137
-0.036039185
-0.022654809
-0.060774513
0.0057630544
-0.021679956
0.10521843
-0.09479636
0.059578426
-0.048072
-0.053587887
-0.03834971
-0.055209383
-0.02010628
-0.11360583
0.093991295
-0.032387085
0.07976468
-0.06017319
-0.06101092
-0.13205242
0.01322238
-0.09288349
-0.02647376
0.14134914
-0.067680955
0.15520296
0.07325327
0.031650454
0.1218614
0.27992746
0.045770768
-0.012535817
0.2524725
-0.010394542
0.009515062
-0.022412496
0.066702545
-0.130723
-0.2418696
0.023551513
-0.14248872
-0.018125
-0.08015043
0.090430275
0.20195693
-0.114910476
-0.03054254
-0.072226934
0.026172558
-0.041664723
0.039897602
0.18452647
0.040505506
-0.023053074
-0.14062122
0.07939887
-0.081324086
-0.14795808
-0.042701986
-0.03577005
-0.21578775
-0.011373155
0.12403539
-0.07209298
0.048307206
-0.26066577
-0.026594328
-0.21692564
-0.31779045
0.011100125
-0.08382868
-0.08390155
0.12039122
0.16179173
-0.009763226
0.13490483
-0.060490366
0.06199761
-0.16020477
-0.25229564
0.30865332
0.03820075
-0.09680278
-0.23147357
-0.075323954
-0.18088801
-0.2922952
0.21181366
-0.08740618
0.11147357
-0.052857134
0.0087288935
-0.08954058
0.16606212
0.03067088
0.008867293
-0.009281732
-0.090006106
0.15013704
0.11019652
-0.14993149
0.082526386
-0.0490439
0.07044912
0.0778661
-0.15254459
0.118895866
0.055206828
-0.0011482959
-0.21523045
0.09909862
-0.06195551
0.113322936
-0.008734755
0.1969194
0.23942453
-0.06854199
0.031338375
-0.057900917
-0.24366984
-0.09848529
-0.22697368
-0.17685056
0.011367274
0.059269354
0.106807016
-0.003502246
-0.0026070827
0.027201734
-0.01347266
0.014216456
0.08816313
0.050515957
-0.08926202
0.081594974
0.08774428
0.18344098
-0.1418263
0.32190967
0.0443537
-0.22267213
0.12082255
0.07073687
-0.124859415
0.03660701
-0.17493954
0.0362332
0.008112302
0.014519533
-0.13210708
-0.08574305
-0.22651872
0.030443817
-0.10122052
0.08654418
-0.02120278
-0.111176364
0.060161456
-0.11435756
-0.06283083
0.038606405
-0.018259274
-0.014036144
0.12722477
0.006811359
0.019733228
0.029661678
-0.0772498
-0.07580082
0.07698057
-0.09763583
0.015692351
0.041626073
-0.02862822
-0.16926248
-0.19438793
-0.2087498
-0.0051722797
-0.0628741
0.062166285
0.029890575
0.15252759
0.04819205
-0.033779714
0.02055714
0.045192756
0.04816585
0.06943232
-0.07266573
0.107318774
-0.043478265
-0.16291691
0.24258302
0.0027651065
-0.09949859
0.23895802
-0.11625366
-0.18018109
-0.13356152
0.0069905967
-0.084354974
-0.12153353
0.10543903
-0.054187328
-0.08429857
0.029789047
-0.04415596
-0.032269247
0.06433153
-0.029319443
-0.14449766
0.03301804
-0.117262155
0.0037903623
0.14538828
-0.05630466
0.06376431
0.0009690564
0.10779084
-0.0810586
-0.052032806
-0.0998996
-0.23038444
-0.14754674
-0.10582765
0.008993664
-0.024759976
0.024150165
0.025808858
0.1380162
0.05052533
0.014609893
0.149268
0.12064369
-0.0158281
0.12584798
0.01321339
0.032663006
-0.16078007
-0.0968818
-0.1644507
-0.2604779
-0.05561916
0.06090902
0.047842834
0.1172715
0.009928219
0.039228797
0.06922699
0.02431402
0.07615951
0.08311196
0.22911623
-0.018910537
-0.17421195
0.3935586
0.009085765
-0.15558033
0.37772828
0.050571494
-0.0948836
-0.18736948
0.13504373
-0.027605472
-0.08591576
-0.0027866517
-0.004893299
0.048557933
0.101451315
-0.033726905
-0.077345625
-0.07948043
-0.040721532
0.11090435
-0.103926204
-0.027604602
-0.10422581
0.08411423
0.08530381
-0.15610819
-0.12871766
-0.10439321
-0.17951407
-0.1595175
-0.20644717
0.063130446
-0.165912
-0.028662583
-0.00070615363
0.14952628
0.10988969
0.15058891
0.099413626
-0.11457447
-0.1298773
0.017752724
-0.055345085
-0.028502332
0.095488206
-0.0018989383
-0.013180661
-0.06098113
-0.0037185033
-0.008410558
-0.05760954
-0.16318631
0.12890503
0.15639065
0.17019452
0.048658583
0.06236222
-0.086437814
-0.10512906
-0.14838257
-0.12528744
0.3230901
0.18105213
-0.0073904344
-0.13942224
-0.14082041
-0.026089845
-0.07545277
0.068727165
-0.00856727
-0.16262831
-0.013058814
-0.051599216
0.058198813
-0.017642459
0.023700088
-0.046323523
-0.003068142
-0.13278432
-0.26214346
-0.1895504
-0.19171011
-0.043403637
-0.1897257
-0.14073537
-0.09605853
-0.052894786
0.030908145
0.17456913
0.118607745
0.07578743
-0.0013168902
0.0744561
0.04611736
-0.09219315
-0.19686998
-0.16775021
-0.02440586
-0.121568814
-0.15572743
-0.16466765
-0.13387185
0.014466755
0.013444033
-0.014537079
-0.011725882
-0.06818206
0.04340368
0.2117197
0.20962635
0.20928942
0.18553074
-0.009476477
0.06699151
0.09398796
-0.18363057
-0.085233
-0.173499
-0.061009794
-0.1974601
-0.040528096
0.013833906
-0.21436405
-0.098152354
0.031137418
0.11291648
0.13493665
0.12275812
-0.0073211202
-0.019419068
-0.012799575
-0.11314877
-0.046238035
0.07950652
0.11295829
0.09772097
-0.09246539
-0.023778254
-0.16292809
-0.16804697
-0.057890084
-0.0698636
-0.17126994
-0.12111075
-0.1326245
-0.18719754
-0.116139
-0.20700309
-0.008196269
-0.15396391
-0.20522915
0.011961707
-0.08833896
-0.19158073
-0.022794832
-0.09560652
-0.007396362
-0.026033498
-0.11289951
-0.054957356
0.08858437
0.10427568
-0.01649638
-0.043354295
-0.063737474
-0.094923325
0.02655457
-0.09974757
-0.111750714
0.061548855
0.068893686
-0.25101286
-0.02834045
0.17042361
0.09361368
-0.10436282
-0.08330216
0.19911803
-0.064844854
0.02429707
-0.0023154041
0.016635682
0.21932963
0.06971729
-0.19096802
0.1881694
0.1983983
0.032697394
0.16275552
-0.059255946
0.023993598
0.046034135
0.181336
0.03542675
-0.13067243
-0.023797173
0.14841163
-0.0125734145
-0.17816992
-0.0743284
-0.04496008
0.13395004
0.0147272
-0.06513704
0.053997967
-0.07027391
-0.094527386
0.0366228
-0.089379735
0.023206165
0.050481223
0.012856883
-0.28468758
0.037005603
-0.11996401
-0.008895952
-0.004152616
0.09884509
-0.24386004
-0.07547388
0.23224947
0.0831724
-0.017903797
0.07924788
-0.3088903
0.015464465
-0.02985895
0.13561714
-0.0992008
-0.0900803
0.061833058
0.014783288
0.06500913
0.040909115
0.06433664
0.038444255
0.12719235
0.13826501
-0.0065587885
-0.17611817
-0.14212966
-0.15372896
-0.0029010342
0.16260786
-0.17870842
-0.19558619
0.027544215
0.17007427
-0.26453507
-0.16454683
-0.1347565
-0.16794212
-0.1772156
-0.26289594
-0.15091231
-0.22076097
-0.043917812
-0.138787
0.1109443
-0.1972433
-0.042347685
0.040405627
-0.040828507
-0.22340727
-0.08228891
0.24675012
-0.15771228
-0.24393174
-0.089269355
-0.23968764
-0.063493766
0.07029868
0.0072026406
-0.072574124
-0.102598906
0.079130426
0.114302084
-0.080684446
-0.006781749
-0.12114903
0.06099305
-0.06273289
0.075200416
-0.043893445
-0.21065776
-0.18120119
0.1783668
-0.22267692
-0.19037361
0.13314486
0.15170236
-0.1874354
-0.07981582
0.21200408
0.23180318
-0.05159771
0.15246396
-0.02618421
-0.14998399
0.024320344
0.059347466
0.15895422
-0.073155485
-0.019285101
0.03582537
0.05991175
0.07419375
0.04641394
-0.0691781
0.09098494
0.025591332
0.026832934
0.05101534
-0.36978567
0.048985388
-0.052647162
-0.13352284
0.1574634
-0.052107792
0.030761633
0.18613523
0.0094727995
0.0077544576
-0.017646667
-0.14800528
0.0014835978
-0.04994819
-0.09187779
-0.052818708
-0.08961151
-0.107403934
-0.11895776
-0.05442657
0.015417772
-0.14460523
0.080760054
0.102271706
-0.05766909
0.14223722
0.036460903
-0.13918135
0.10810357
0.124460414
-0.032592103
0.1080116
0.0059063537
-0.21673764
0.020471085
0.08143755
0.049748853
-0.026359474
-0.08495932
-0.14805865
-0.21247336
-0.16895467
-0.033276696
-0.13406724
-0.03615413
0.19708845
-0.01198325
0.17373435
0.06042698
0.04504554
0.113886535
-0.09744074
-0.1641829
0.10077894
-0.060420167
0.119325705
-0.03369037
0.038024213
-0.0074104653
0.14688446
0.010207914
0.13187434
0.17080255
-0.05362129
-0.13701594
-0.006085882
-0.17537801
-0.037462138
0.1279621
-0.19591248
-0.010076055
0.173387
-0.054504026
-0.18379426
-0.0828452
0.073583335
0.024325397
0.078975596
0.009092568
-0.13241392
0.11073759
0.09782744
0.08253803
-0.08061309
-0.07479588
-0.10316093
-0.004048272
-0.13550515
-0.08265233
-0.26411244
0.13842513
-0.1779001
0.15825738
-0.020048197
-0.11404748
0.07947092
0.047265418
-0.11951425
0.22876148
0.07434871
-0.09622083
-0.08064028
-0.0040268456
-0.15629466
-0.066723734
-0.015589889
-0.021666523
-0.0990893
-0.006417213
0.01052213
0.12590487
-0.13480411
-0.030408721
0.035857596
-0.14720558
-0.12705787
0.12721238
-0.14734136
0.20264657
-0.0134610245
-0.14026004
0.1283504
-0.06533324
-0.025180463
0.18716526
0.028922545
-0.028223192
-0.29087523
-0.026512071
0.111271344
0.016039737
0.17836766
-0.009237508
0.009712489
0.021784171
0.07676416
0.06252946
-0.09306186
-0.102524094
-0.055526987
-0.038188864
-0.07508358
0.07073284
-0.04367937
0.14213996
-0.24105778
0.022744726
-0.014084962
0.08978201
-0.16089244
0.011572941
0.1150778
-0.11651226
0.04196346
-0.06181324
-0.022855425
0.12937304
0.117353305
0.001139886
-0.033601332
0.1203835
-0.03452914
0.18190894
0.010496501
-0.23099968
0.12501006
0.18848997
-0.12044714
0.028490888
0.081549115
0.08287048
0.12351102
0.050643608
-0.21615218
0.008654358
0.11464333
-0.05991312
-0.12112519
0.002076695
-0.011043004
0.042234622
0.20178573
-0.13538146
-0.20851582
0.071318224
0.13306926
-0.18960883
-0.2586896
0.013511465
0.05364287
-0.013361047
-0.11041242
-0.13415368
0.10580599
0.04581846
-0.13396575
-0.15411337
0.06319122
-0.14753874
-0.1446755
0.11073122
0.13938275
-0.10360708
-0.053915087
0.092486344
0.24235836
-0.24727365
0.14854851
0.021543507
-0.25061232
-0.095553696
0.17989673
-0.09669179
0.012648844
-0.03240478
0.06851118
-0.057612896
0.038148627
-0.2173651
-0.28885362
0.06865753
0.018420786
-0.038301364
-0.065296315
0.023084447
-0.22441262
-0.22658439
-0.008494584
-0.14279632
-0.13601722
-0.22443333
-4.09278e-05
-0.084199384
-0.052967865
-0.1856429
0.22420003
-0.109739885
-0.16130254
0.17515123
0.19919226
-0.11567926
0.022604793
0.23295665
-0.014721845
-0.013982404
0.058739882
0.04313597
0.07287171
-0.08836904
-0.10796234
-0.0076421616
5.11251e-05
0.056578077
0.13631743
-0.109833725
-0.12064276
-0.0677213
-0.08387146
0.014828648
0.023801276
-0.07494672
-0.09752609
-0.11263562
0.09838483
0.07338191
0.0026455382
-0.04204044
0.01377418
0.15103881
-0.20503703
0.07409982
0.28985965
-0.10617268
-0.20105655
0.29585353
0.044376574
-0.22180466
0.0073323054
0.14957461
-0.028490655
0.050944332
0.020262027
0.022222938
-0.11163867
0.03480331
-0.10096067
-0.013716499
0.048145156
0.16923994
-0.0994115
0.08896225
0.07495897
-0.15250449
0.06215111
-0.058801677
-0.2437403
-0.054110643
0.10400777
-0.109367065
-0.06728411
-0.0267251
-0.05627958
0.00055642024
0.08443874
-0.08430376
-0.04494809
-0.011520763
-0.026036523
-0.21311599
-0.071193114
-0.1008055
-0.17038558
-0.11147312
-0.08251607
-0.18616295
0.115101784
0.07820266
-0.18194896
0.10265817
-0.027554655
-0.13958845
-0.21268158
-0.28078467
-0.03703104
-0.0026449896
-0.006065167
-0.12896395
0.16694634
-0.1790221
-0.11604833
-0.16799271
-0.0836737
0.046005677
0.005507549
0.023549613
-0.03054939
-0.05167378
0.0967603
0.025668513
0.009587976
-0.061475717
-0.10019118
0.2121394
0.013038466
0.14172652
-0.013126519
0.041145626
0.16961484
-0.17403029
-0.11100815
0.08562144
0.096751206
0.09835865
-0.23027667
0.14797218
-0.0593848
-0.023886355
-0.04473289
-0.15562174
-0.21192391
-0.07960784
0.13795751
-0.14613713
-0.037963733
0.21352844
0.066276416
0.055184573
-0.048250444
0.079786524
-0.1535176
0.12401412
-0.07002307
-0.06560333
0.1849854
-0.11967492
0.20036647
0.18526202
0.0039333906
0.03905634
0.20416059
0.025063382
0.10931864
0.016316734
0.22557807
-0.078880265
-0.044434577
-0.024720823
-0.10820228
-0.030737914
-0.05507989
-0.03032874
0.050637733
-0.10445773
0.16998568
0.07042795
0.15882337
0.16425502
-0.0329332
-0.13865288
0.04160203
-0.10955946
-0.12991098
-0.13254586
-0.1485825
-0.15819357
0.22099401
-0.13708666
0.124618895
-0.0005237075
-0.16054073
0.21425693
-0.067507446
-0.18638769
0.17447154
0.066070504
0.2726761
-0.1664395
0.09512462
0.10052935
-0.07901509
-0.03158644
0.027528925
-0.017079184
-0.1068515
-0.04335487
0.060929786
-0.057971507
0.010744545
0.049435087
-0.025474729
-0.11119837
0.03703563
-0.23177005
0.26045248
0.1244929
-0.099883504
0.202237
0.08397006
-0.15624566
-0.011691612
-0.23179245
0.032655004
-0.030715128
-0.15816966
-0.06290538
0.13743879
0.17771715
0.10272987
0.012035513
-0.10763643
0.08076629
-0.058354717
0.22036509
0.08207549
-0.19956821
-0.0045306426
0.06452642
-0.06896745
-0.056980677
-0.09218411
-0.09255968
0.2001706
0.023702318
-0.26955643
-0.1341525
0.12638547
-0.24614428
-0.20795922
-0.028843613
-0.22976734
0.06616699
-0.060378067
-0.08086183
-0.22662507
0.02933848
0.033994667
-0.19608872
0.0016883245
-0.1539172
-0.08919065
0.08370665
-0.16841103
0.05967313
0.16129114
-0.09356954
-0.13947903
-0.1428606
0.22133292
-0.03796173
-0.119466096
0.4061206
-0.01603488
-0.030537363
-0.050059475
-0.16363588
0.11635694
-0.091862895
0.20056309
-0.054208715
-0.03173679
0.09271238
0.14711972
-0.14252827
-0.15995665
0.06868631
-0.15565091
-0.03307802
0.17256047
-0.13878182
-0.20182374
0.22636877
0.040165372
-0.10972486
-0.079868734
-0.24346629
0.10517142
0.09598147
-0.2739681
0.091201976
0.14432485
-0.09258766
-0.02122357
0.20582189
-0.0467547
-0.06565233
0.24973993
-0.06752572
-0.19833852
0.11477027
0.10354552
-0.12264495
-0.13979556
-0.08619493
0.022929525
-0.036170244
0.16230664
0.1705254
0.008847553
-0.048230603
-0.06303239
-0.06933383
-0.05378518
0.13458803
-0.1514602
-0.18126807
-0.16946271
0.044203553
-0.1473817
-0.37946925
-0.30934876
0.22659579
0.113127805
-0.113412015
0.229755
-0.031240255
-0.08587826
0.049992315
-0.19483559
0.14085527
-0.30556238
-0.10725226
0.24699259
-0.18089
-0.12581952
0.15851644
-0.12519613
-0.112893954
0.07311663
0.10898302
0.063239425
0.029233193
0.034163706
0.102700084
0.10779505
0.04462029
0.09759334
-0.20192237
-0.20353189
-0.08208914
0.16234924
-0.059193376
-0.031636957
0.10157741
0.21433084
-0.13461122
-0.04697433
0.04538196
0.08495495
0.0005597614
-0.06522787
0.07712952
0.12904696
0.032667357
0.09305592
0.0040765745
-0.13498245
-0.27735785
0.046623543
0.1647608
-0.060013574
0.022246094
0.08663205
0.11798457
0.04070968
-0.027765943
-0.061362017
0.15517896
-0.04368855
-0.09300855
-0.018714359
-0.0044750567
-0.002139164
0.11660313
-0.02733165
-0.10213814
-0.0015165006
0.2193377
0.004248658
-0.074689254
0.106490985
0.14803848
0.08912595
-0.031089691
-0.12355249
-0.1531089
-0.021708384
-0.09783508
-0.14919366
-0.110125676
0.037381824
-0.10104167
-0.12833534
0.009076548
-0.07407355
-0.19341856
-0.03903125
0.038695067
0.13180368
-0.11476602
0.12283166
0.05253906
-0.21904644
0.045562375
-0.033177875
-0.008599887
-0.103275955
-0.06382962
-0.08704487
-0.07625624
-0.113486655
-0.07578783
-0.20564045
0.11734606
-0.00018887056
-0.16145672
0.016007552
0.04701841
-0.047732808
-0.108055286
0.010161799
0.027540125
-0.0823713
-0.0791932
0.039636247
-0.2768514
-0.08802702
-0.056754913
-0.112437285
-0.054944497
-0.073356755
0.066044144
0.049836855
-0.095691256
-0.22236514
0.10573383
0.006648419
0.046253134
-0.14489345
0.15738814
-0.02842898
-0.14170304
0.2004086
0.012396719
-0.14158757
-0.037779678
0.033950128
-0.028456628
-0.03656587
0.012343776
-0.0049838955
-0.11609546
0.023104593
0.023817293
-0.24809219
0.0028131013
0.0201986
-0.0015941954
-0.019476244
-0.03767341
0.105437376
0.1608976
-0.21366692
0.121397614
-0.047689445
-0.1608048
0.07360656
0.14019012
-0.18947193
-0.1037276
0.13239299
0.0986058
0.057218876
-0.04127727
0.0011063336
0.09315702
0.09723168
-0.056798175
-0.070392966
0.033680756
-0.041415226
0.17894118
-0.048196718
0.073127545
0.036714144
0.11641464
-0.10701006
-0.14496326
-0.15475954
-0.08921254
0.111015245
-0.041089498
-0.10843395
0.17220399
0.18175367
0.15331706
0.073704556
0.02708719
0.13625418
0.0783875
0.0019227412
-0.13024786
0.06761058
0.12250891
0.024188139
0.022422927
0.07698215
-0.07737407
0.08337586
0.07243205
-0.046570346
-0.0382656
0.11441226
0.10722522
-0.08753816
-0.066653974
0.122622326
0.013302007
0.29130173
0.093180396
0.04877421
0.06769882
0.18357272
0.07128202
-0.09996185
-0.0155986715
0.08229597
-0.017527811
-0.19941148
-0.08813964
-0.22442287
-0.13635482
-0.039222933
-0.20359908
-0.056627803
0.07641034
-0.2752274
0.043088634
-0.010700853
-0.0708166
-0.045114
-0.08039513
-0.004492545
-0.10367773
-0.05037993
-0.06585207
0.04214836
0.06122447
0.14135821
0.124649815
-0.10081114
0.027251896
-0.05485773
0.25443977
0.10296391
-0.22490588
0.038140956
-0.11014042
-0.18748216
-0.2590916
-0.4495566
-0.31670424
-0.24783841
-0.18835022
-0.10190356
-0.058630034
-0.0905118
0.09767669
-0.17343925
-0.074730255
-0.0041379454
-0.031530667
0.014608396
-0.16309358
-0.12131148
-0.12977041
-0.3719289
-0.31484398
-0.40728006
-0.37672466
-0.06824965
-0.023112286
-0.07525687
0.05329825
0.09461858
0.05767741
-0.074153714
0.045915198
0.085833676
-0.010827094
0.03151827
0.07223789
-0.015675386
-0.07650162
0.020218587
-0.014524538
-0.1576915
0.06001888
0.22467276
-0.17181541
-0.04304836
-0.045798793
-0.08882411
-0.027252965
-0.017881805
0.011204776
-0.11979444
0.2213711
0.2042123
-0.336754
-0.07715188
0.07859112
-0.26744762
-0.178777
-0.20284754
-0.020058447
0.05429846
-0.027927298
0.045814402
0.0010562469
0.10258732
-0.00564472
0.00706247
-0.08672757
0.025602626
-0.093283355
-0.06757974
0.072075486
-0.013223038
-0.077241845
-0.20639656
0.063580826
-0.10347331
-0.09524754
-0.051381174
0.03485406
-0.07914597
0.17938428
0.14188364
0.1327596
-0.0065617785
0.14571758
0.028302891
0.18741266
0.1395858
-0.1542826
0.13934532
0.038504876
0.0028234946
0.03507278
-0.010945174
-0.028227508
0.14670162
0.12798075
0.08962498
0.073184095
0.18387939
0.15810296
0.018668687
-0.13730249
-0.05434185
0.045778386
0.095671564
0.038385488
-0.12728103
-0.073284924
0.075938426
-0.24000876
-0.06651556
0.15933149
-0.23659775
-0.12543188
0.035387687
0.094673395
0.027152104
-0.12537347
0.13762605
0.04228248
-0.024088355
-0.0047648996
-0.12901759
0.06210241
0.044268046
0.007146158
-0.21315493
-0.045143172
-0.0066228127
0.016610656
0.2011367
0.0061570806
-0.030713731
-0.06685824
-0.044806927
0.14446416
-0.040950038
-0.13045406
-0.11366323
-0.0629184
-0.009927522
-0.043973714
-0.15924694
-0.088262506
-0.07847876
-0.0322437
-0.20742829
-0.058341872
-0.15530522
-0.1887071
-0.17741852
-0.13364366
-0.10504423
0.12022486
-0.1968301
-0.017324582
0.11963059
-0.29745224
-0.062765054
-0.17867997
-0.17438486
-0.1777365
-0.12847608
0.00429281
0.062258642
-0.17371537
-0.016764935
-0.09056044
-0.16059747
0.03353745
0.037325803
0.09901932
0.043197513
0.18599984
0.16089447
0.090932444
0.11801849
-0.061631557
-0.116803154
-0.11853869
0.120754994
-0.03396451
-0.14092976
-0.2667068
-0.019633086
-0.23375987
-0.07208447
-0.093247615
-0.07783676
-0.22306693
-0.022121675
-0.11565372
0.047666848
-0.061003122
0.027282033
-0.14836617
-0.034058746
0.12074837
-0.031063847
0.056074224
-0.055809453
-0.25253078
-0.072521985
0.016359381
0.085681945
-0.028850818
-0.10383332
-0.054677
-0.11194197
-0.09399501
-0.07922079
-0.008150266
0.12069877
-0.08089963
0.051484674
-0.011712335
-0.04304532
0.2157682
-0.17719108
0.04819278
0.20523602
0.083814315
0.0045600133
-0.108742975
-0.07944655
0.016439773
0.101345874
0.049957935
-0.05601051
-0.000389459
0.05065442
0.051332522
-0.12956461
0.0015984292
0.13821363
0.043217033
0.12130337
0.080313765
-0.050386984
0.120038286
-0.029884482
0.101707116
-0.021675102
0.023926087
0.05759594
0.04260014
-0.0076121776
0.10032636
0.13718286
0.016363196
0.041379783
-0.08564569
-0.14821683
-0.047237493
-0.094063446
-0.22941568
-0.072849676
-0.3918436
-0.13008416
-0.21203467
0.10100454
0.07469002
0.121989764
0.0476535
-0.031629752
-0.045787457
0.038165096
-0.076344766
-0.04914422
-0.012761435
-0.19771466
0.04373234
-0.072944075
0.06669155
-0.0289919
0.008780943
0.025484867
0.024322577
0.110982366
0.13087156
-0.033849787
0.036884747
-0.0619942
-0.063701995
-0.26712987
-0.10595894
-0.23973979
-0.17406295
0.011012101
-0.28279492
-0.09557189
-0.12862857
0.22599971
-0.07499111
-0.23259985
-0.09947977
0.11047834
0.06649087
-0.22106555
0.20536742
0.03929997
-0.063223064
-0.3350286
-0.20275858
-0.2875867
-0.14806373
-0.0376409
-0.081813194
0.18277438
-0.045615207
0.24181136
-0.13449575
-0.08650176
-0.12892222
0.10090517
-0.049271423
0.012478935
0.039925363
-0.14481854
-0.12878467
0.044511262
0.017941903
0.018279614
0.1103641
-0.096548125
0.07082523
0.13879965
-0.11485097
-0.12603703
-0.058373258
0.0070864162
0.09469032
-0.12607285
-0.05523442
0.17847693
-0.24357887
0.042558182
-0.1453458
-0.14962831
-0.21619673
-0.24299705
-0.1947175
0.06228068
-0.12348586
0.038759742
-0.12641388
0.097880565
0.09442861
0.067142606
0.074780434
0.05553084
-0.11030324
0.050916232
0.06923811
-0.07287265
-0.04637666
-0.18227966
0.025491353
-0.13875952
-0.09927121
0.015000594
-0.1310798
0.08794844
-0.2031111
-0.07760811
-0.08234782
-0.06534721
0.008874888
-0.08453813
0.06241406
-0.09117593
-0.045022074
-0.025968358
0.0019367645
-0.016967673
0.044262342
0.18634298
-0.014772782
0.15820582
-0.12547174
0.09490547
-0.05868767
0.087260544
0.11904166
0.09326715
0.09582405
-0.106210075
0.11714817
-0.15455109
0.043655645
0.06732365
0.051803235
-0.12425359
-0.15913643
-0.18731248
-0.32108042
-0.19003256
-0.061040424
-0.1480357
-0.28059414
0.027133219
-0.023336986
0.11834047
0.21396767
-0.19277182
0.15916018
-0.09405184
-0.12437095
0.08379132
-0.10399619
-0.033197224
0.046311572
-0.1966103
0.06016827
0.026846942
-0.041191567
-0.115272485
0.039036307
0.13004054
-0.06184119
0.0482054
0.015157021
-0.14447264
0.032540496
-0.07996551
-0.095162
-0.05676963
-0.21299154
-0.109560095
-0.10728063
0.020038534
-0.025266213
0.07672602
0.026612116
-0.15474439
0.022718761
-0.11701216
-0.089144096
-0.07706888
0.1319625
-0.13230434
-0.031123383
0.23975249
-0.14239131
0.1635714
-0.14012085
-0.07575474
-0.0882189
0.058137495
-0.16187184
-0.088355
0.06786187
-0.17907025
-0.112333365
-0.11494319
0.016469663
-0.11606587
-0.017818417
-0.124315955
-0.08856869
0.10044607
-0.015501505
-0.009380865
0.15374586
-0.07216584
0.033372167
0.039483655
-0.032582697
0.11385126
-0.034684744
0.056630533
0.029455267
-0.25717902
-0.00040760788
0.0037914605
-0.20485105
0.037309762
-0.014628812
0.04130829
0.080487646
-0.044490498
-0.18495522
0.0028506368
0.10963587
0.10447739
-0.1417941
0.16778448
-0.014399867
-0.1538287
0.08071695
0.003941419
-0.051851816
0.09744498
0.074676275
0.09635343
0.09004336
0.016729573
-0.099764235
0.09456937
0.10467313
0.08716715
-0.24871615
-0.013821783
0.10051335
-0.22801305
-0.060208857
0.058895893
-0.08119108
-0.03129783
-0.037595853
-0.14824314
0.029886493
0.03743408
-0.04020847
-0.06769336
-0.08120703
-0.07325133
0.011184692
0.049273074
0.11260408
-0.14293039
-0.0027554778
0.07770054
-0.07130458
-0.058607332
0.06971705
-0.13139836
0.10119905
-0.115671
0.02655336
-0.092728004
0.049784984
-0.13997138
0.06227364
-0.03888978
-0.05393707
-0.14513138
-0.260636
-0.0040394203
-0.2262088
0.060105823
0.008583377
-0.13600673
0.099431805
0.05806949
0.04963304
0.14140655
-0.19553646
-0.059370875
0.09403984
-0.19232792
0.024491102
-0.042811744
0.14449929
0.086672425
-0.16629851
0.0044189715
-0.03884596
-0.034680463
0.10392299
-0.010568108
0.010851062
-0.087160304
0.116558075
0.07370683
-0.06867591
0.09651201
0.098261744
-0.006435872
0.09743154
-0.03955009
0.08205292
-0.067652956
0.23186052
-0.09583608
-0.023074122
0.16732033
-0.13779971
-0.013558615
-0.0755693
0.21122871
0.033225197
-0.13192329
-0.005955584
-0.06740233
-0.039000783
-0.14518026
-0.15638395
-0.2244472
-0.09876268
-0.0068593933
0.12190897
-0.09754833
-0.15330742
0.17577307
-0.087385744
-0.13745022
-0.014666624
0.011588917
-0.11057624
-0.12741993
-0.12331617
-0.14920482
-0.11010752
-0.07865779
-0.010562661
0.10458331
0.110399716
0.0491163
0.035670817
-0.11000477
0.0023013293
-0.052428782
-0.024042573
-0.10127093
0.012648761
0.016222404
0.07960629
-0.060225304
0.07749162
0.11008646
-0.10210541
0.12514128
0.15276688
0.060973946
-0.19114694
-0.014698026
0.21558963
-0.11237735
0.08889134
0.067940384
-0.17690444
0.019624801
-0.04993362
-0.053564914
0.03427327
0.08176149
0.054600723
-0.08473317
0.07711767
-0.1012084
-0.01679247
0.0045000347
0.004556862
-0.21322174
0.07389919
-0.117839076
-0.033240855
0.029828548
-0.011913831
0.15474313
0.119665824
-0.10627211
-0.084263995
-0.08066903
-0.0067765284
-0.013342455
-0.13430552
-0.02166353
0.16792296
0.11464418
0.17504776
0.07626558
-0.21332711
-0.09346251
-0.172608
0.08681792
-0.21651156
-0.049368095
0.10849102
0.20648912
-0.12900105
-0.022215728
-0.22762218
-0.0643484
0.05895809
-0.30961922
0.024642952
0.09749831
-0.1351656
-0.2257729
-0.07512699
-0.14901178
-0.077682994
0.069355465
-0.0134845385
0.057626143
0.2640449
0.0008563783
0.03260513
-0.22656207
0.047472004
-0.14260224
-0.24300992
-0.24985771
0.10590661
-0.03173609
0.066233344
-0.14993073
0.04006184
-0.08805951
-0.04141344
-0.158187
-0.012254322
0.10504097
-0.06776893
0.11799193
0.03867431
-0.14918664
-0.201842
-0.23723702
0.051592793
-0.35929954
-0.023212323
0.061338723
-0.042925823
0.09067096
0.051881827
0.027167646
0.032268222
-0.13775052
-0.26206234
-0.0005572452
-0.02107618
0.22716562
0.30348516
-0.0591868
0.30980507
0.12191242
-0.053282417
-0.16686285
-0.03602667
0.18246134
0.06014697
0.18692142
-0.028498968
0.05297732
-0.22716995
-0.104903154
-0.33865032
0.100377865
0.06387379
0.0070850053
-0.0042763585
-0.13515241
0.054306716
-0.15592083
-0.023720318
-0.22363211
0.029881267
0.13459629
0.077206545
-0.023892703
-0.098692186
-0.31586146
-0.06838857
0.1413383
-0.1411064
0.10445199
0.05064463
0.018960927
-0.4051839
-0.02620103
-0.045116324
-0.15739983
0.044471126
-0.04467196
0.21129535
-0.020424388
0.07364454
0.09020301
-0.02210628
0.093345694
-0.24694015
-0.12847298
-0.21677858
-0.14902447
-0.0542609
-0.076302774
0.008811729
0.033173773
-0.067721106
-0.060246132
-0.046416845
-0.033735387
-0.106263146
0.07350818
-0.21918315
-0.050189808
0.03955713
-0.19541591
-0.16208242
0.095516235
-0.006142816
0.11533823
0.14202647
-0.0033958238
0.22880723
0.060859904
-0.0925613
-0.011554236
-0.0529499
0.20440267
-0.115680285
-0.2090482
-0.014067622
-0.027370034
0.17921552
0.032656472
-0.1641082
-0.028904175
0.24570726
0.06866131
-0.1823556
-0.09566818
-0.003322767
0.04352565
0.14325526
-0.38021705
-0.07909901
0.28115448
0.008481333
-0.023414409
0.05567592
-0.08212675
0.044878844
0.13589352
0.0033717642
-0.10130615
0.18187295
0.22584891
-0.008115395
0.046997122
-0.19252264
-0.040227514
0.02225775
-0.00033952625
-0.15109347
-0.18978506
-0.09411879
0.11334625
-0.0031331142
0.037995897
0.07607787
-0.31826147
0.005833274
0.18237953
0.010766
-0.126473
0.08871527
-0.0707717
-0.14661767
0.09412946
0.09194572
-0.16977414
-0.20324354
0.04949895
0.1580638
0.032296564
-0.15236117
-0.30096018
0.06902069
0.09098704
-0.059802815
-0.19234969
0.00234485
0.2101473
-0.09272711
-0.056146253
0.038814604
0.22441843
-0.21954617
-0.06750746
-0.15102041
0.07933283
-0.17952251
-0.19673622
0.043133114
-0.20576653
-0.18782528
0.066169575
0.16802964
-0.1141103
-0.15602897
0.21679045
0.13651885
0.037649676
0.0809263
0.10992147
-0.09426469
-0.11516206
-0.11608137
0.20191
-0.05632163
-0.1295964
-0.1622906
-0.14862452
-0.022269435
0.07753214
-0.054928742
-0.12506646
0.10442625
-0.0780669
0.05888118
-0.18588057
0.03214763
0.12791601
-0.21817209
-0.13328394
0.120147616
-0.12408274
-0.12112974
0.20825006
-0.12783447
-0.2990195
-0.11644833
0.20514482
0.0053929337
-0.040515475
0.15970938
0.27425507
0.056389626
-0.079873554
-0.10588466
-0.057858024
0.045948926
0.112574995
-0.014717623
0.04955144
0.01816029
-0.05853824
0.0071292864
0.11701474
-0.08260471
0.053596567
-0.13016294
-0.048033368
0.11650913
0.05148926
-0.11084177
-0.15805945
0.15867625
-0.09872631
0.12617904
-0.025382476
0.06155801
-0.049689207
0.101529494
0.14284658
-0.16189699
0.061985612
-0.029627198
-0.2181862
0.020427749
-0.15774965
-0.23216881
-0.05381291
-0.07338681
-0.05568578
0.17804815
0.024633478
-0.12884796
-0.11769237
-0.2176315
-0.26053134
0.13737959
0.06571797
-0.1000723
-0.21390064
-0.15814757
-0.25872898
-0.08378694
0.029393744
-0.21554933
0.32227215
0.18859726
-0.20790708
0.012270839
0.18973576
-0.048096236
0.12129021
-0.1163489
-0.0714583
0.087666124
0.18269092
0.036125228
0.04712294
-0.111830175
0.023997137
-0.10447627
-0.09873562
0.041661352
-0.0068624597
-0.08634117
-0.10781185
0.03119977
0.10340656
-0.19300218
0.05535146
-0.047104966
-0.23689964
0.10529548
0.066358596
-0.21751645
-0.051888123
0.23122253
-0.0106246015
0.07688508
0.10691245
-0.03990003
-0.073622
0.016827501
-0.17358293
0.099871114
0.07289952
-0.14983302
0.075416416
0.011376407
-0.11206731
-0.0026759147
-0.09485583
-0.1642779
0.02809994
0.025970798
0.009770198
0.013749489
-0.10554948
0.02894059
0.059577174
0.22133328
-0.057853058
0.13564037
0.023864951
0.096892655
0.22263654
0.019191992
0.049490694
0.045660082
0.16027048
-0.043057982
0.086095385
0.052842088
-0.10162528
-0.13270625
0.011116434
-0.30200008
0.08870265
0.23287329
0.1369607
0.1393872
-0.052926138
0.18502606
-0.10231808
-0.113312215
-0.047776293
-0.082597435
-0.046334215
-0.30314344
0.04516864
0.17944826
-0.16705106
-0.06708637
0.025547417
-0.09493278
0.083978295
0.11262204
-0.030416075
0.06286821
-0.0015264665
0.014611761
0.083320394
-0.09009903
-0.072336
-0.026870878
-0.0878637
0.05647602
-0.042504735
0.05160981
0.0755735
-0.15524504
-0.12172513
-0.03946741
-0.12795773
-0.055040166
-0.040699363
-0.08957669
-0.09800429
0.13450234
0.053992294
0.007437656
-0.084286846
0.10010434
0.040539384
-0.052779634
-0.19788958
-0.14622496
0.047904786
-0.06308926
-0.09712736
0.04388241
0.065654084
-0.00215294
0.067903206
-0.09623281
0.009295201
-0.09291029
-0.012362828
0.031447686
0.0685059
0.106718116
0.14798062
-0.036060352
-0.13247049
-0.018779552
-0.0789989
0.08158471
0.07040516
0.21422324
0.1174244
0.19888094
-0.036816232
-0.045135453
-0.100808576
-0.07915749
0.040148355
-0.12072127
-0.059150077
-0.13225394
-0.109428585
0.059693202
0.002836608
0.17905061
0.08456222
-0.05556285
-0.0044915993
-0.22679713
-0.20957956
-0.18890157
-0.06307066
0.0026566014
-0.19640118
-0.10944464
0.016469734
0.029277995
0.12279728
0.13610923
-0.02884422
0.011894239
-0.016630536
0.0841419
0.119162224
0.09094623
0.069905296
-0.14453425
-0.18340747
0.026319128
-0.0050802557
0.044735786
-0.17835009
-0.010527948
0.088549756
0.037027415
-0.09368374
0.042065404
0.0722765
0.034777634
0.025892189
-0.029081278
-0.065387085
0.0242692
-0.015652142
-0.08773472
-0.16591722
-0.1572616
0.03532141
0.07868902
-0.007149305
0.08035887
0.106298745
0.06594328
-0.13603613
-0.030586425
0.030282717
-0.003043109
-0.119338185
-0.0037272861
0.02276213
0.039662745
0.08124149
0.050152626
0.060783446
0.16068852
0.13802817
-0.17023954
-0.007154875
0.025041372
-0.09404285
-0.097014695
-0.24238716
-0.12087826
-0.17119004
0.05584701
0.13032971
-0.045490246
0.099513836
0.07664757
-0.027843267
-0.12283476
-0.16255537
0.02473127
0.099895805
0.0707752
0.03892654
0.06254704
-0.008487039
-0.075645395
-0.059306934
0.108447604
0.042892396
-0.14874512
-0.09218287
0.11035941
-0.090649
-0.009449797
0.06517154
-0.09652207
0.16547388
0.1072305
-0.042497218
0.1294075
0.03874713
0.12672743
0.107792385
-0.028554905
0.06559809
0.16488156
-0.051943645
-0.11391534
-0.17169382
-0.07925399
0.1671217
0.11431307
-0.17247735
0.04716884
0.050193917
0.03363297
-0.046140667
-0.17195092
-0.13400069
0.23131093
0.11212865
-0.20241936
-0.10056807
0.11806308
0.078412406
0.18940014
0.17049758
-0.1458662
0.2994367
0.27546754
0.07798568
-0.085055925
-0.04534064
-0.059901908
-0.1242414
0.012986797
-0.13209438
0.08253555
-0.056646045
-0.08218708
-0.15699086
-0.15784635
-0.100026906
-0.366956
-0.1943555
0.20429346
-0.33441663
-0.09217618
0.20056576
0.014807143
0.078718245
-0.053256813
-0.040536806
-0.15306227
-0.19223915
0.16942188
0.14149065
-0.07199306
-0.24199644
-0.121641956
0.03499925
-0.0573358
-0.13742743
-0.080835216
-0.0389174
0.15898554
-0.0076568387
-0.06479237
-0.028712273
0.02696601
-0.12957372
-0.0003590801
-0.08557314
0.021191351
-0.076973766
-0.11651837
0.204943
0.19503836
-0.15812837
-0.08274056
0.027026799
-0.16842978
-0.11083375
0.11756097
0.18696424
-0.1274702
0.014595554
-0.14023602
0.06030639
0.15632154
-0.007926656
0.06358901
-0.0068602865
-0.09731993
0.35080764
0.17103863
-0.066743426
0.09623465
0.09387857
-0.07691563
0.044901
0.11283416
0.038749058
-0.25503826
-0.14751586
-0.14258838
-0.2880909
-0.17820454
0.0039904653
-0.24907969
-0.18027039
0.072241776
0.03157375
0.05917855
0.0132136075
0.020450756
-0.13291179
-0.1549011
0.08680471
0.20399359
0.090068705
-0.14479937
0.045883674
0.05324577
0.00614914
-0.09472806
0.01738118
0.056714144
0.06535726
-0.09061147
-0.045854766
-0.08560312
0.06093729
0.11810434
-0.21731037
0.08264531
-0.04841772
-0.051665656
0.13231137
0.06078124
-0.101862065
0.06877951
0.08217771
0.028013181
0.0807684
0.21165109
0.2764955
0.048697736
-0.1339622
0.047358908
0.0034319856
0.09554282
0.12511447
-0.16659084
-0.105038285
0.12839188
0.11865639
-0.14383091
-0.15018106
-0.011689985
0.10711776
-0.01203354
-0.013075345
-0.14008224
-0.038419727
0.04033941
-0.11716933
-0.03184922
0.019633524
-0.08654267
0.04146678
0.060776133
-0.29427415
-0.21363574
0.021774666
0.16363715
-0.04577895
-0.120911
-0.05853397
0.10844628
-0.01928863
-0.031013655
-0.19544803
0.06884259
-0.2151051
-0.13251674
0.107572734
-0.07031898
-0.2588828
0.013053601
0.17853191
-0.20931831
0.16517922
-0.05163585
-0.2019779
0.21784098
0.13943377
0.03617642
0.05705232
-0.18736182
0.08459888
0.08181236
0.05915941
-0.046988647
0.1326374
-0.18377538
0.20041417
0.21011144
-0.2540779
-0.08137661
0.026909249
-0.050057996
-0.25596428
-0.04155608
-0.0295287
-0.20553559
-0.11046646
-0.1294187
-0.026522363
-0.09006067
-0.18589403
-0.13100773
-0.112645246
-0.3080493
0.14819682
0.11562554
-0.29709682
-0.31836605
-0.09071987
-0.12025992
-0.17972659
-0.043537196
0.050339747
-0.19108282
-0.08210339
0.16792941
0.11277637
-0.15016504
-0.13569713
0.051129207
-0.08171747
0.1118747
-0.13606793
-0.001695643
-0.18625179
-0.08724547
0.041515846
0.08004098
-0.010893136
0.11015345
0.042743
-0.21116774
0.0779421
0.1130022
-0.1294571
0.017831007
0.12228652
-0.17292856
0.1403583
-0.13392304
0.32664528
0.11766717
-0.30949825
-0.19517806
0.13182107
-0.19676858
-0.19918318
0.039374117
0.040899213
-0.050454102
-0.037100654
0.09280607
0.035421945
-0.0012365027
-0.109175175
-0.07389629
0.043134823
0.11543197
0.06768208
-0.049232025
0.03792215
-0.0608045
-0.043937873
-0.07514147
-0.011034505
-0.03775205
0.020201325
0.15436323
0.07335149
-0.075080946
0.012425566
-0.096268274
-0.098467745
0.031546462
0.11123895
-0.090935424
0.1061099
0.013853101
0.023497133
-0.046957847
-0.1908284
0.08373825
-0.0058176974
-0.045838214
-0.15071052
0.070330516
-0.06400717
0.10016279
-0.11590015
-0.12895924
-0.037652966
-0.03744046
-0.031178195
-0.039253168
-0.03391473
-0.00010354259
0.060557425
-0.0110433465
0.0066204607
-0.04696538
-0.10051701
0.11766512
-0.034062643
0.06936972
0.18442534
-0.10685198
-0.13723207
-0.14260387
-0.08827028
0.098676726
-0.01949177
-0.007905045
0.2850748
0.06281122
0.088629715
-0.035985798
-0.041838996
0.08251852
-0.007914789
0.14781617
-0.17252156
-0.067157656
0.07039389
-0.07367935
0.0037563632
-0.14288421
-0.04993254
-0.031381566
0.06271207
0.016381467
-0.052931663
0.048466343
0.030021561
-0.13213877
-0.0213066
-0.08023867
0.0638067
-0.11164752
-0.03534015
-0.060320597
0.24846147
-0.10193321
-0.035987657
0.01873469
0.0039112796
0.01721902
-0.026853817
-0.052863687
0.027375791
-0.053213242
0.09127011
-0.09556651
0.020702474
-0.10054622
-0.015151868
0.048297964
-0.0675513
0.17640483
0.052861053
-0.14313297
-0.06483071
-0.13031612
-0.037534766
-0.013364279
0.096544564
-0.004193858
-0.06521282
-0.17150615
-0.06105801
-0.06712968
0.03240935
-0.01676738
0.019491097
0.053978067
0.10177005
0.24438664
0.008362652
0.052446324
-0.16813926
-0.072869666
-0.066582076
0.10057318
0.035556596
0.070301846
-0.13514814
0.051129747
-0.11269873
-0.015164335
-0.075648114
-0.070402175
0.09519402
-0.08251093
0.11258377
0.08588896
0.09138305
-0.050355453
-0.100410335
0.06424459
-0.103747025
0.080403976
-0.07160575
-0.076362506
-0.061739847
0.039295863
0.21974392
-0.13456228
-0.081001885
0.35305604
-0.048062228
-0.14430676
-0.01733278
0.07492001
0.025793951
0.042229705
0.076543905
0.039802272
0.18150277
0.07556961
-0.04326689
-0.05725749
-0.039457895
0.13557878
-0.16947763
0.044913914
-0.08012426
-0.09779757
0.08281424
0.002452211
-0.077506416
0.10530464
-0.08367657
-0.04345293
0.11107117
0.024791924
0.08079364
0.0826455
0.01644611
-0.09983176
-0.18736766
-0.11584365
-0.14788732
0.08801596
0.15696195
0.0090203555
0.13839096
-0.0062487046
-0.23448917
0.0822058
0.03340382
-0.11263375
0.065646924
-0.11800279
-0.20997232
0.026496565
-0.14011897
0.12728117
-0.037433796
-0.078844085
0.17034674
-0.17564592
0.010791606
0.37148815
-0.21361905
-0.086357914
-0.19030663
0.03391056
-0.08715915
-0.20295005
0.062450454
0.06159455
-0.19546397
0.056680962
0.07432091
-0.23005375
-0.08388298
0.13572635
-0.064455085
0.047306955
-0.0965724
0.0021168955
-0.05765203
-0.100836985
-0.0045333994
0.02680177
-0.0349948
-0.072056755
0.2877502
0.05715696
-0.1376686
0.14089447
0.10023497
-0.031020232
-0.03721084
0.024670608
-0.006291382
0.007211143
-0.09106846
-0.18079953
0.004109356
-0.012672808
-0.098435
0.07095883
0.12190117
0.034830626
0.04394873
0.07861986
0.16721874
-0.018427206
0.10771646
0.09380598
0.015219215
-0.108875684
-0.14224583
0.10461555
0.16155197
-0.19643193
0.089488424
0.01726895
0.04791776
-0.02934676
-0.24724954
0.14982904
-0.11810719
-0.088750325
0.24582674
-0.17196986
-0.043562356
-0.36339325
-0.11860508
0.09755336
-0.13575916
0.009729228
-0.00018690331
-0.11216072
0.15744431
-0.09232871
-0.052573346
-0.012093614
0.034834072
0.031223737
0.062446486
0.011763275
0.09552376
-0.05125642
0.088485554
0.007496372
-0.054602105
-0.00315654
0.0037502293
-0.14981294
0.10802205
0.07576754
-0.029023506
0.0044439165
-0.02771211
0.009852307
0.018407365
0.17859142
0.10119979
-0.03564602
-0.042570777
-0.1123958
-0.047116686
-0.106507786
0.034758862
0.021783315
0.10868829
-0.063993484
0.09898851
-0.1249698
-0.098740555
-0.069001645
0.029911006
0.12200024
-0.012949553
-0.02582404
0.032648187
-0.15501995
-0.12871175
0.1549001
0.15444435
0.17317444
0.3208372
0.027702423
0.12676772
-0.004502913
-0.06867454
0.14849973
0.26572537
0.30062217
0.056297544
-0.084736094
0.0141842915
0.20138365
-0.02752281
-0.13751192
-0.023953665
-0.10227721
-0.12021225
-0.16407458
0.01745343
-0.13550347
-0.03797609
-0.091722906
0.09709662
0.06150803
-0.16485898
-0.058920085
-0.06930248
0.016749207
-0.07074995
-0.028602287
-0.019388236
-0.18267457
0.024860846
-0.05825155
0.02523538
0.06702602
-0.12535265
0.0697156
0.0044852826
0.022296522
-0.008774651
0.00761274
-0.15527661
-0.1978427
-0.00856269
0.04255906
0.039619435
0.23356037
0.22608578
0.15198481
-0.020786203
0.0135030085
-0.04868099
-0.049746156
-0.098541856
-0.073008955
0.11082811
-0.008241954
-0.02704545
-0.10082703
-0.22448915
-0.21007076
-0.088470824
0.07627774
0.19402167
0.103231326
0.3145025
0.12527929
0.09979422
0.029142354
0.10721049
0.015381129
0.19927932
0.19071826
-0.093069464
-0.09693491
-0.07853953
-0.1453546
0.18743226
0.26896197
-0.0058670565
-0.055306625
-0.18589363
-0.025771767
-0.04922844
0.09341895
-0.07107805
0.013176263
0.007157958
-0.093185596
-0.16921858
-0.12893493
0.094057865
0.023600103
-0.1909083
0.14146742
-0.038155198
-0.1829053
-0.064957276
0.10423358
0.08384944
-0.099818505
0.0030024592
0.03710836
-0.05439327
-0.07170276
-0.09530496
-0.037641507
-0.21894494
-0.06481658
-0.07908739
-0.010954961
-0.087994516
-0.21763374
0.0028086547
0.073316544
-0.01957309
0.022834621
0.012995683
0.14540994
0.058442976
-0.0012154203
0.07126894
0.051415067
-0.05522292
-0.023867667
-0.1490777
-0.1101387
0.14952461
0.106373124
0.146272
0.09488649
-0.033118457
-0.009663817
0.06065358
0.049536232
0.10547166
0.1088357
-0.000528372
0.13211957
-0.026323844
-0.27281955
-0.05772125
0.12549615
0.047133625
0.17911449
0.026484273
-0.038583662
0.096279085
-0.19267653
-0.25900346
0.051170178
-0.10200608
-0.17410167
-0.033367924
0.09205931
-0.04357704
0.09416556
0.07572987
0.021303764
-0.04912664
-0.15740031
-0.038203333
0.0033621145
-0.12570685
-0.20857033
-0.011969161
-0.14546873
-0.12947087
0.084645756
0.051061258
0.028611358
0.047828466
0.06864026
-0.01558954
0.018788492
-0.023814937
-0.18088952
-0.08751078
0.12928751
-0.08169922
-0.023748178
-0.1672098
-0.2010794
0.03767836
-0.09600098
-0.17461894
-0.13789192
-0.2537039
-0.08446179
-0.054921087
0.06687843
0.02957293
-0.021428803
0.05237549
0.0825616
0.021875946
-0.086160004
-0.090200596
-0.1757662
-0.23461738
-0.17192246
-0.046325527
0.031309985
-0.05310033
-0.11540358
-0.08643935
-0.06968039
-0.1780195
-0.05887426
0.104659386
0.02860787
0.15857403
0.04726639
0.0900605
0.01339051
0.016661162
0.13409947
0.051814172
0.08197806
0.02841591
-0.25580153
-0.33377546
-0.20118964
-0.09694366
-0.3205906
-0.25665534
-0.121382385
-0.18929332
-0.07453761
-0.1191204
-0.13122815
-0.016766975
-0.05831504
0.06849786
-0.14376396
-0.118799016
-0.017662844
0.032546546
0.04633761
-0.14916256
-0.007369275
-0.103039496
0.08009281
-0.10652207
0.06137946
0.09004039
-0.08414207
0.03880624
0.018792571
0.017406937
-0.13872299
0.07059778
-0.013917569
-0.16957587
-0.06609565
0.16522145
-0.24670835
-0.02173163
0.16701189
0.0062793507
0.15586755
-0.08379225
-0.06852353
0.09650002
0.074415654
0.0804151
0.014924175
0.036772504
-0.10575716
0.13110016
0.008088612
0.10220806
0.051047746
0.19082232
-0.09608555
-0.071316175
0.09899143
0.14659666
0.09854134
-0.017733598
-0.099856205
-0.0375906
0.0062990296
-0.15514438
-0.011238849
0.002344812
0.17538361
-0.075203784
0.07377107
-0.058478232
-0.04045731
-0.08816146
0.026988557
-0.11716092
-0.19751279
0.06981367
-0.14882499
0.04324397
0.10104877
-0.2377713
-0.02995822
0.11033841
-0.21351217
-0.17420791
0.025884567
0.0054242937
0.031523693
-0.29314587
0.07493235
-0.0075149667
-0.1585167
0.007777691
-0.031750154
-0.01650027
0.076717146
0.046003018
-0.016848797
0.08988077
0.021124326
0.09422102
-0.11989778
0.08200115
-0.051491123
-0.14276922
0.25598124
-0.052509204
-0.008126339
0.07287533
0.1484048
-0.14838268
-0.18270858
0.028332748
-0.06200632
-0.34911045
-0.0028064088
-0.06363829
-0.31571224
0.15862688
-0.098592706
-0.25963712
-0.19685562
-0.24027082
0.2717586
-0.097125545
-0.2043142
-0.040022623
-0.04097696
-0.06149411
-0.11183852
0.110859916
0.12496919
-0.2783822
0.109215856
0.06700617
-0.10602691
-0.0041936343
-0.10692691
-0.12986864
0.06926222
-0.07570121
0.032841466
0.11563587
-0.15348777
-0.15693341
0.03054984
-0.15528663
-0.08098949
-0.011576518
-0.0028713434
0.033587858
-0.34124863
0.0389725
0.13067448
-0.19209115
0.006931198
-0.017097246
-0.081484616
0.120840184
0.32451224
-0.024210412
-0.054979384
0.04801326
0.023216713
-0.08144056
-0.008864568
-0.052606657
0.11223187
0.045022756
-0.029230855
-0.08553147
-0.040373065
0.11157702
-0.009237531
0.034742497
-0.025955772
-0.102915324
0.045128442
0.038515653
0.013816898
-0.11436752
-0.021314166
0.06752348
0.010029824
0.047154743
0.047278646
0.027106324
-0.109952964
0.017960543
0.08212818
-0.088946864
-0.076899156
-0.057247493
-0.14321524
-0.011615536
-0.039211728
-0.050582446
-0.111246966
-0.17066418
-0.053803936
0.0995299
0.026366638
-0.0720127
-0.14630648
0.14374568
0.11573037
0.0025676938
-0.10621928
-0.012435399
-0.05646011
-0.036926113
0.08066059
-0.0729034
-0.068904966
0.007889052
0.08579077
-0.023215871
0.068254925
-0.00105608
-0.08103324
-0.10788135
0.10404461
0.04150976
-0.10652335
0.07665135
-0.030300671
-0.10398743
-0.060966443
0.034800503
-0.09822465
-0.10725693
0.040565964
0.07330723
-0.13974842
0.07406734
-0.10366784
-0.0847053
-0.11607056
-0.01412322
0.076987155
0.085404955
0.10815511
-0.113792084
0.01645722
0.029546628
-0.084169894
-0.10294333
0.06373131
0.047392216
-0.026180692
-0.041880425
-0.04521181
-0.05393028
0.12022699
0.021176672
0.071066946
-0.14607574
0.048125084
0.036801215
0.07096555
0.054981265
-0.18290801
0.079453856
0.009827254
-0.059076987
-0.08522688
-0.049061097
-0.11002882
-0.062311925
-0.0721141
-0.010176811
-0.046070296
0.034731444
0.03197306
-0.018848285
-0.08174712
0.17871061
-0.046503223
-0.017340127
-0.03332021
0.029791651
-0.0642687
0.055439092
-0.03391385
-0.09512707
0.04334089
0.0677348
-0.043597173
0.024781398
0.030883724
-0.08937891
-0.033383094
0.019503485
-0.011203382
0.21134475
0.08266865
-0.09934895
-0.08320366
-0.09615161
-0.076698475
-0.11679064
-0.11349467
-0.11925889
-0.13606703
-0.0032376156
0.04174971
-0.051113494
-0.059035297
0.035228334
-0.0067257895
-0.07291627
-0.031382438
-0.071629584
0.03286319
0.049426865
0.053550646
0.08932225
-0.064930566
-0.10082828
-0.20686361
0.009126636
-0.03284121
0.018663509
0.02636011
0.024163572
0.009449983
0.0066052317
0.124621496
0.049708977
-0.1271209
0.042747185
-0.08877148
-0.046953592
0.08419982
-0.048188485
-0.1034521
-0.018550951
-0.02853985
-0.22462003
0.09105743
-0.019440027
-0.25344738
0.113364056
0.003759295
-0.16340858
0.116873346
-0.08362547
-0.06787855
0.00932492
-0.07456901
-0.2325597
0.12743507
0.01235946
-0.027233388
-0.03966566
0.07133338
-0.2199811
-0.036882207
-0.014615426
-0.053038955
0.100844786
-0.032304652
-0.09053787
-0.17527318
-0.002763631
-0.19737932
0.07832318
0.09691363
0.0103677185
0.022081053
0.03571168
-0.03267321
-0.15205747
-0.14232334
-0.05596458
0.19983144
-0.033579573
0.064445585
-0.013612216
-0.12477762
-0.09094122
0.2612491
0.03674418
-0.10129797
0.0173932
0.04066319
-0.14531207
0.020776125
-0.037812497
-0.13845547
0.07529499
0.20486836
-0.019000968
0.08426673
0.08328082
-0.15975897
0.05311779
-0.006665483
-0.06394284
-0.014689123
0.023402695
-0.11583881
0.15859438
-0.07246109
-0.23629211
0.11693927
0.00993917
-0.08943236
-0.21260482
0.27917397
-0.016826268
0.017814053
0.018454986
0.080429696
-0.078865
0.14209299
0.01818132
-0.03711487
-0.046039738
-0.07238815
0.06286939
-0.022394417
-0.12000995
0.19257173
0.020903891
-0.053319555
0.00060392905
-0.14596893
0.030586718
-0.016083933
-0.16011852
-0.1269699
0.035404954
0.09269246
-0.20767343
0.022570841
-0.19640067
0.13330556
0.06374626
-0.107045606
-0.083970204
0.15903348
-0.0066689113
-0.090189256
0.24346058
0.2663016
-0.24387828
-0.11421984
0.11250494
0.009288503
0.14975123
-0.05323817
-0.0077110985
0.14335528
-0.08732058
-0.10670062
-0.055601485
0.067376606
-0.008950531
0.036543056
0.110128805
-0.044852015
-0.08694034
0.23839599
-0.039516706
0.2675257
0.038215596
-0.018183164
0.23080054
-0.115090296
-0.060114585
0.04782088
0.04881284
0.008874393
0.030823708
-0.0318823
-0.1331971
-0.057546537
0.062966794
0.11573577
0.048254166
0.102444455
-0.017082747
0.025202416
0.14541017
-0.06606653
-0.0005941156
-0.13405858
-0.25211602
-0.04293575
0.11809864
-0.14849797
0.06292378
-0.040637963
-0.23651864
0.058742326
-0.2538561
-0.15788803
-0.18943268
-0.15327081
-0.38435602
-0.19793674
-0.10139542
-0.23896348
-0.14288117
-0.26767644
-0.080086164
-0.20413375
0.15771884
0.11732367
-0.1361174
-0.04543945
-0.0840734
-0.08911502
-0.16241416
-0.017563473
-0.17510608
0.07902154
-0.006649426
0.16354206
0.0518079
0.06075782
0.18124804
-0.07482278
0.17465068
0.014849146
0.027234117
-0.008089737
-0.13372654
0.14709024
-0.11886449
0.045066975
-0.18431614
-0.04616772
-0.040237874
0.07737396
0.22779717
-0.08654187
0.14890915
0.1762264
0.04529446
0.07550393
0.058653593
-0.046470486
0.0622294
0.09484905
-0.14578363
0.2001701
0.031804543
-0.02867073
0.284544
0.03505959
-0.00064712367
0.15849866
0.1779599
-0.20490514
0.03844261
-0.0050727953
-0.1331997
-0.055204604
-0.013751986
-0.123651795
-0.105273195
-0.12617283
-0.011516861
0.09802841
-0.17921156
0.014864256
0.030347079
-0.0931532
0.2394566
0.2503786
-0.11155793
0.101266466
-0.09376652
-0.0135213835
0.013604847
-0.1355974
-0.05802613
-0.12997113
0.00803466
-0.17548664
0.15465319
-0.17128137
0.014665977
0.3040239
-0.11791347
-0.0040955995
0.097197905
0.03513127
0.03506953
-0.20307168
0.010771912
-0.0057857344
-0.15829463
0.0036352426
0.11840098
-0.036126256
0.0761496
-0.01689336
0.08182507
0.10118778
0.0012285555
-0.02943341
0.06048177
0.00393675
0.051692247
0.05648975
0.009145687
-0.19403124
-0.11314659
-0.23849194
-0.10562726
-0.11698437
0.0064742905
0.049638048
-0.21022406
-0.074691854
-0.20076808
-0.07254688
-0.09762349
0.15906753
0.0020373366
0.010437766
-0.0281914
-0.15457956
0.14434692
0.13373795
-0.0925173
0.061721213
-0.02247433
-0.021232802
0.046775274
-0.1445533
0.09517931
0.1536517
-0.17567278
0.026997598
0.014840009
0.016973164
-0.010697388
-0.19479674
-0.12137618
0.10947314
-0.30984712
-0.22938918
-0.0029130406
-0.34210214
-0.0048657823
-0.18964829
-0.2568781
0.11849448
-0.09924474
0.18950196
0.05877562
0.17153355
0.100858554
-0.1136664
0.15549713
-0.13525309
-0.066710465
-0.054642998
0.09765807
-0.0010585443
-0.23631388
-0.10159849
0.1862497
-0.18569727
-0.09380997
-0.049537934
0.024370672
0.0179494
-0.01747272
0.06649371
0.17163612
-0.1317831
0.18753585
-0.04917289
0.01286869
-0.10984556
0.07438275
0.09267145
-0.051516816
0.17777649
-0.019817015
0.18253027
0.1042453
0.038556315
-0.21496135
-0.04706678
0.12910117
-0.071748815
0.035939865
-0.028015874
0.17607972
-0.036496513
-0.23252818
-0.18397507
-0.020230362
0.047617156
-0.060671918
0.028102893
0.04260344
0.08973049
-0.0039188853
-0.005414982
-0.19225238
-0.051286414
-0.008175406
-0.02138627
-0.05604482
-0.08628639
0.07353195
0.020780789
-0.03354042
-0.009352905
0.14534296
0.018175809
0.19574015
0.040918466
-0.07862191
0.09576331
-0.117719695
-0.005992677
0.03352328
-0.08199998
-0.14400612
-0.08022144
-0.33616593
-0.030893834
-0.31917644
-0.07727027
0.04803419
-0.12532693
-0.02717272
0.21738373
0.0044183545
0.0075988593
-0.053228535
0.04337167
-0.044223722
-0.067158386
-0.06485708
0.044746153
0.020866357
-0.04141945
-0.035380654
0.10811861
0.0067349197
-0.10824122
0.040369414
-0.03639308
-0.21380757
0.077557564
0.18666075
-0.17461307
0.11856224
0.28208244
-0.012212022
-0.16457404
-0.073023975
0.09814231
0.15855828
0.049055055
0.032112032
-0.108710825
0.1286627
0.01795651
-0.05211888
0.029805018
-0.2280809
0.06375928
0.15224911
-0.055062674
-0.26098725
0.18793324
-0.01720056
-0.112692505
-0.06631384
-0.15858416
-0.1019931
0.126648
0.08954802
-0.0053733047
0.10359789
-0.0156100495
-0.059638515
-0.063222595
-0.08103605
-0.095440194
0.14873442
0.15531932
-0.051898617
-0.15362528
-0.068185166
-0.030875359
0.20035163
-0.084806815
-0.08314177
0.087505504
-0.122587875
-0.08292826
-0.13916875
-0.0863469
0.13296369
-0.18743585
0.11978536
0.07634458
-0.035445537
-0.058761373
-0.0561199
0.253329
-0.14701878
-0.13884535
0.09768725
-0.16981642
-0.09852954
0.13279255
0.038446996
-0.06329968
-0.088359475
0.09353085
-0.0154923
0.16070065
-0.11958619
-0.10507507
0.0020473087
-0.14008242
-0.08836581
-0.19006851
-0.06632104
0.04025891
-0.021559572
0.13943078
0.17108582
-0.22232617
-0.14684318
-0.10763982
-0.005967282
-0.23308943
0.0453489
0.014520785
-0.034727037
-0.17374286
-0.07553951
0.0399301
-0.09308802
-0.03279742
0.06506801
0.27177
-0.13046527
0.27630302
0.11059108
-0.0207053
0.054094806
-0.03235235
-0.03932657
-0.16310325
-0.06841655
0.08720889
-0.29362732
-0.12329467
-0.05134083
-0.028343707
0.01961969
-0.072484665
0.004780894
0.04971799
-0.13403334
-0.010196346
0.01643773
-0.014276754
-0.1347598
0.0532438
0.37110603
-0.15166926
-0.080551155
0.19917761
-0.06322577
-0.023103014
0.25644255
0.1118035
-0.26200444
0.040196918
0.14688088
-0.0138122225
0.07843222
-0.08347898
-0.06474144
-0.049174942
-0.064511545
-0.053811315
-0.099519394
-0.10965645
-0.090826795
