-0.019115312
0.0621579
-0.07238138
-0.005006982
0.009993544
-0.02423477
-0.03307549
-0.036724865
-0.008175687
-0.047847144
-0.023136467
0.0070899474
-0.019565623
-0.036877997
-0.047352914
-0.027392084
0.0034457664
-0.008890584
-0.056457028
-0.00083657313
-0.00985222
0.04905711
-0.020518037
-0.010455264
-0.015107493
-0.03511958
-0.014853279
-0.016229285
-0.0486926
-0.039602816
-0.019688992
-0.0066183996
-0.03749004
-0.0041680904
-0.04875236
-0.07525209
-0.016066596
-0.028080182
0.0037154069
0.029315412
-0.008359825
-0.03438226
-0.009974528
0.01861418
-0.050929613
0.0017276981
0.026658863
-0.02296942
-0.020035377
-0.020712124
-0.0017771871
-0.023559526
-0.0047273994
0.012269712
-0.046804756
-0.0007911806
-0.039383866
-0.038135316
-0.0141020045
-0.014027637
-0.018790262
-0.026608791
-0.06251603
-0.060083583
0.006546883
0.021858554
-0.04916303
-0.025757477
-0.041923568
-0.032410353
-0.018655386
-0.00064169895
0.003428475
0.0037262107
-0.006749774
-0.024211222
-0.009410523
-0.009703074
0.017811272
-0.0002969994
-0.034625873
-0.010732767
-0.009114428
-0.07656916
0.0142188845
-0.021435762
-0.016572678
-0.004508016
0.0035152012
-0.034784324
-0.010246754
0.01122699
-0.058229603
0.0036123733
-0.03572044
-0.0011278213
-0.02405782
-0.019766936
0.0043051858
-0.04867521
-0.01232907
-0.019556677
-0.05879483
-0.023688186
0.01315956
0.0046508843
0.01369003
-0.018974932
-0.07279134
-0.040679615
-0.03642168
0.011536457
-0.038713623
-0.003188455
0.014193144
0.021152886
-0.041457213
0.0028055124
0.017771326
-0.02188399
