-0.06644846
-0.049921907
-0.04171337
-0.057492428
-0.032830644
-0.01907598
-0.043812074
-0.0548941
-0.02651274
-0.013890501
-0.07242894
-0.075231455
-0.053269226
-0.020223688
-0.03328226
-0.026813619
-0.09486455
-0.036531903
0.027747469
-0.027860338
0.0378522
0.028308004
0.004388618
-0.055745993
-0.054083496
-0.08290236
-0.024274247
-0.06207903
-0.032976627
-0.046715293
-0.023582667
0.019370621
-0.0400393
-0.039619286
-0.06127448
-0.013360945
-0.054573733
-0.046963625
-0.037322514
-0.07260753
-0.002957682
-0.057587177
-0.015479928
-0.07614558
-0.0036960307
-0.034195222
-0.05357071
-0.019958798
-0.05772623
-0.035548292
-0.025358237
-0.017003959
-0.0450523
0.015380138
-0.0045707594
-0.032022614
-0.018606944
-0.03179666
-0.052430272
-0.037186876
-0.039134767
-0.028843168
-0.037914596
-0.059762303
-0.047316317
-0.033510912
-0.0717945
-0.043210812
-0.07882301
-0.050049715
-0.05050025
-0.06736622
-0.049261063
-0.02460265
-0.03630777
-0.057240035
-0.009097902
0.03728009
-0.078992054
-0.10132638
-0.04404572
0.026724577
-0.07323713
-0.037284184
