-0.125214
0.29169983
-0.39503208
-0.3564716
0.12567152
-0.22228946
0.19521828
0.28869963
0.15446858
-0.35494712
-0.2928509
-0.2973612
-0.37129554
-0.1927499
-0.40644613
-0.51280206
-0.44223997
-0.39218515
-0.37321687
0.22845209
-0.41951168
0.08295343
-0.23557645
0.25008565
0.2817053
-0.38008788
-0.39141393
0.16445428
0.19378601
0.22500058
0.044233672
0.07622645
-0.27928314
-0.17263953
-0.18323654
-0.16157182
-0.35108778
0.1520137
-0.4754535
0.20943597
-0.45294714
-0.36359516
-0.44502765
-0.42845324
0.22241968
-0.1958244
0.12085743
-0.16751832
-0.18386407
-0.3305817
0.25238118
-0.28055465
-0.20813042
0.14976826
-0.34584162
-0.30781373
0.2567761
0.18774273
-0.18239385
0.13976909
0.17526822
0.19662508
-0.14871067
-0.42851427
-0.21878582
-0.5261285
-0.20998552
0.13660681
0.16147988
-0.22739348
0.0072615226
0.2837921
-0.34873793
0.20385525
-0.4308602
-0.4201089
-0.079295464
-0.26949927
0.29020923
0.24962428
-0.16166642
0.18101633
-0.39639297
-0.3223677
0.15583058
-0.36432266
0.18725815
0.24309696
-0.32351068
-0.27654752
-0.38676584
-0.05830414
0.15910764
0.15920617
0.145441
-0.40767422
-0.36626023
-0.24169233
-0.16358805
0.15982586
-0.2855026
-0.5015262
-0.27040288
-0.37731034
-0.22255239
-0.3901196
0.17522283
0.05987278
-0.36642608
-0.38102812
0.14931652
0.18503578
-0.23087382
-0.35255873
-0.043314505
-0.03540003
0.10910489
0.24375892
0.30558094
-0.16965604
0.07046182
0.037411574
-0.32145956
-0.060558666
0.24967112
0.1640259
0.21236661
0.0087507535
-0.5119794
0.091642976
-0.30247027
0.27476555
0.16080126
-0.20747484
-0.28846884
0.28228006
0.16749804
0.13929725
0.31765166
-0.2210051
-0.33922964
-0.32979155
-0.408432
-0.25479123
-0.26178962
-0.18515502
-0.19453992
0.07289155
-0.08147757
-0.2972707
-0.4095132
-0.42776197
-0.25944188
0.2746531
0.2584221
-0.18921866
-0.23901705
-0.28921756
0.09672928
-0.35272816
0.28246373
-0.07904379
-0.22354448
0.22511634
-0.107198365
-0.14817375
-0.21456641
0.13941881
-0.35885027
-0.37117085
0.20525552
-0.42955044
-0.13342258
-0.08232159
0.21844557
-0.40071735
-0.3063942
0.1488079
0.17898563
-0.2298097
0.22789446
0.19428205
-0.02573106
-0.36008483
0.16136317
0.20365766
-0.3343299
-0.115276374
0.101956494
-0.19440754
0.16491875
-0.35184926
-0.4968213
0.16631208
-0.30781677
-0.42518616
-0.3515975
0.21189035
-0.42334998
-0.3473793
-0.15817162
0.1414328
-0.3647447
-0.49228683
0.28081384
-0.26043987
-0.32507706
-0.21324582
-0.3544134
-0.2095218
-0.35138232
0.07343458
-0.24990575
0.28940794
-0.41179827
0.19997263
-0.22689147
-0.28307214
-0.09810006
-0.38109678
0.14524753
0.11730341
-0.1892929
-0.2669787
0.28105572
-0.27053753
0.1386235
-0.05843337
0.18315339
0.13088521
-0.17158855
-0.37133637
-0.40932134
-0.5377293
0.19291714
-0.47889373
0.2859265
-0.24420415
-0.1734489
0.21290246
-0.29982772
0.16672374
0.10841885
-0.30237937
-0.30750197
-0.08084233
0.28820866
0.2992028
-0.17853294
0.0789078
-0.30590454
0.17004001
-0.15929246
-0.41504928
-0.41497746
0.19721134
0.18462229
-0.1688051
-0.45022413
-0.053434666
-0.17773199
0.19630936
0.15544985
0.27674302
-0.3620847
-0.20251091
-0.49179325
-0.5262839
-0.22554919
-0.50086457
-0.3636674
0.22710642
0.19845806
0.056792103
0.15690069
-0.46581852
-0.3801985
0.21394625
-0.4374595
-0.46398193
-0.106460705
-0.3819996
-0.39878643
-0.24752586
0.1317067
-0.2865641
-0.39372
0.26748535
-0.3683558
-0.36031848
-0.09236926
-0.2626091
-0.07202705
0.283235
0.30221173
-0.4675889
-0.26492482
-0.06046524
-0.019886713
-0.402921
0.22594595
-0.11409499
-0.25679222
-0.36576316
-0.37399963
0.09748578
-0.42242792
-0.19348872
-0.40814632
-0.25460818
0.14540334
-0.19366193
0.17257378
0.18826652
-0.23952733
0.11509584
-0.23885967
0.14479484
0.13326792
-0.45153043
-0.318312
0.38134614
-0.35531896
-0.38505465
-0.3843714
0.16347818
0.12780206
0.23683956
-0.48291874
-0.2867422
-0.06924855
-0.28826964
-0.19484271
-0.25435856
-0.0028661368
0.1304414
-0.25405633
0.27029064
0.15933596
0.25598177
-0.5652372
0.06920871
0.21538769
-0.041667446
-0.14013381
-0.17346942
-0.38754195
0.19969547
0.032945517
0.18199262
0.04786195
-0.25735003
0.21968025
0.10354709
-0.28419343
-0.25114122
-0.5346976
-0.2202741
-0.3122307
-0.38205
0.25928217
-0.17364551
0.22560553
0.08301703
-0.29899597
-0.4637826
-0.56419796
0.30358905
0.17271505
0.27695245
0.13756683
-0.3319441
-0.29169437
0.054189026
0.22109117
0.24218997
-0.19402684
0.13949557
-0.24708594
0.06379504
0.11645508
0.17633967
0.22706535
-0.38865292
0.21099757
-0.18775007
-0.32906526
-0.22791278
0.24777545
-0.2871057
-0.24021046
0.21707591
0.19022465
-0.36571035
-0.3730694
0.24456139
-0.02784111
-0.46507433
0.18065153
-0.31701115
-0.044913344
-0.06709211
-0.15823092
0.19936576
-0.14975286
-0.25834525
0.1386525
-0.25913626
0.1906453
-0.15290612
-0.15644044
-0.3599221
0.04931985
-0.2352848
-0.36240152
0.04993183
0.20589413
-0.17843418
0.22236097
-0.33947268
0.23783684
-0.4612317
-0.2538059
-0.31514525
0.14071599
-0.2134525
-0.1816711
-0.33505008
-0.42295536
-0.39367124
-0.22531004
0.26594722
0.15797064
-0.029789371
-0.4303562
0.029275998
-0.37182152
-0.33728454
0.14837348
-0.076031275
0.17888522
0.057178255
-0.10383326
0.24805301
0.06044105
-0.44972
0.11182682
-0.3158156
0.20759228
0.029949583
0.036204804
-0.11941156
-0.26361465
-0.33958027
-0.20591909
0.24433112
-0.26098123
-0.43970641
-0.09034524
0.3708849
-0.19713588
-0.22442085
-0.18444066
0.048789136
0.22241731
-0.2484197
-0.28345218
-0.26423013
0.21061157
0.31693673
-0.22960788
-0.47146088
0.011761194
0.14348696
-0.21447144
-0.12219347
-0.20517397
0.22071606
0.14410613
0.1633503
0.18413372
0.18677476
0.15530847
0.10172456
0.41847217
0.12852858
-0.30987856
-0.1207564
-0.45967525
-0.3284843
-0.46350807
-0.071657196
-0.33330154
-0.5120745
-0.36425686
0.23036708
-0.32191014
-0.3664746
-0.113350965
-0.47691062
-0.11230403
-0.12192584
0.31638032
-0.29416195
0.23633195
-0.26593864
-0.31428286
-0.18535605
-0.19879287
0.08948474
0.21371661
0.24473284
-0.44977114
-0.38184994
0.10750862
0.19776852
-0.459937
-0.17096105
0.05761141
0.075890265
-0.3542115
0.14265196
0.26182878
0.13081066
-0.29279453
-0.41282517
-0.410489
0.2077808
0.23492786
0.22171938
0.10971264
0.18583488
-0.40977398
0.18084799
0.06461756
-0.22971661
-0.37038496
-0.13314937
-0.21468936
-0.24714309
0.2466312
0.12004053
-0.48838753
0.10851717
-0.10498743
-0.3319265
-0.28245634
0.10401733
-0.32431215
-0.0794205
0.18121132
-0.24737594
-0.45411512
0.24771984
-0.3981893
-0.26219812
-0.28482774
-0.32195708
-0.34175965
0.20023072
-0.062557906
-0.36533728
0.18809101
-0.24326873
0.19046988
0.17284967
-0.35076207
0.0462723
0.1625038
-0.4016544
-0.49121705
0.13678864
-0.4455195
-0.18766327
-0.016089434
-0.25540897
-0.23477098
-0.45865372
-0.20549457
-0.36967686
-0.3608632
-0.49534407
-0.26223922
0.21610107
-0.15816334
-0.097876474
-0.3630738
0.12384765
-0.2612748
-0.2573685
-0.3878614
0.22438793
0.06344582
0.22707404
-0.52668315
-0.24574639
0.16382739
0.21941657
0.14795536
-0.23986289
-0.4791316
-0.08989061
0.10991928
-0.47793728
0.20592469
-0.41836703
-0.06246885
-0.51094836
-0.3680026
-0.38653865
-0.4354002
0.17167163
-0.2791448
0.12937118
-0.34066683
0.20651083
-0.47816035
-0.5062964
-0.07220602
-0.26812446
-0.4052818
-0.15947354
0.00036243373
0.14264877
-0.07406262
-0.38240808
0.19455497
0.09812858
-0.4183697
0.2508794
0.19001797
-0.5420309
-0.31604224
0.2649067
-0.02853313
-0.27740023
-0.2116951
-0.25577998
-0.03526378
0.27124265
-0.26455808
-0.260177
-0.23896964
-0.14106204
-0.29145744
0.21539977
0.15962055
0.22322091
-0.63153714
0.17135094
-0.028336922
-0.46309984
0.035386838
0.091053136
0.1881507
-0.37195092
0.25673681
-0.2638152
0.23294461
0.24820639
0.19744113
-0.3642284
-0.13559155
0.16850592
0.2666674
0.1663669
0.25157475
0.26384592
-0.20182355
0.10935998
0.2715517
0.10930902
-0.31296724
-0.17827204
-0.20229937
0.17473222
-0.3031606
0.16230556
0.15459709
-0.37773225
-0.28894895
0.10141668
-0.4265099
-0.058193397
-0.081160925
-0.030401371
-0.5773259
0.13207285
-0.40941334
0.18654548
0.22380516
0.10162727
0.12030588
0.09450402
0.16923265
-0.4007445
-0.20694852
-0.29193446
0.18148118
-0.0956251
-0.30048844
0.20471978
0.0470918
-0.025788816
-0.17776148
-0.19298641
-0.342678
0.18291283
0.0068529537
0.109449886
0.20738822
-0.2652946
0.3419149
-0.24015997
0.34205467
-0.3249905
0.24881314
-0.081653416
-0.45005345
-0.20154902
-0.40135896
-0.3796249
0.18886377
-0.010500069
-0.18918741
-0.27976173
0.3421321
0.065945834
0.09023665
0.19235519
-0.49406826
-0.15612885
0.178454
-0.35299772
-0.17056562
0.051573727
-0.17272411
-0.3354194
0.23782635
0.10178334
0.21284094
-0.4095398
-0.3270267
-0.33064482
-0.3444178
0.14926735
-0.4774471
0.16580282
0.15803605
0.26456422
-0.018703135
-0.276426
-0.17603198
-0.15581115
-0.27660277
-0.34577093
-0.32248342
0.28434992
0.13342202
-0.1851027
0.1029064
-0.09532401
0.19342765
0.04676932
0.18348606
0.22760321
0.14113055
-0.40013766
0.25000763
0.044968236
0.13840002
-0.14005509
-0.2649988
-0.32489055
-0.20300472
-0.050340056
-0.36739004
0.093298756
-0.34134707
-0.3891517
-0.35947725
-0.4515901
0.22892296
-0.03266917
0.142813
-0.16481869
-0.50688744
-0.31192204
0.20303266
-0.28432775
-0.2365697
0.23542328
-0.19527517
-0.48318565
0.2559677
-0.33555824
-0.14101802
-0.34775662
-0.115999825
0.09203034
-0.07892768
-0.27849776
-0.047928017
-0.27128032
0.24657907
-0.06153958
0.2958942
0.251106
-0.35555303
-0.07196528
-0.4683857
-0.28593922
-0.089207135
-0.2613073
0.09208657
-0.05343981
-0.43540594
-0.09509925
0.15840855
-0.38994655
-0.20694017
0.13217077
-0.22768958
0.18223625
-0.38639206
-0.25164944
-0.41996711
-0.24480857
0.16853386
0.20006612
-0.5103271
0.17672834
-0.16384596
0.24010679
-0.27826688
-0.30326068
0.006598776
0.13640496
0.19053014
-0.5409271
